  Time    User  Nice   Sys  Idle    IO  Run Ctxt/s  IRQ/s Fork Exec Exit  Watts   pkg-0 uncore  pkg-0   core  CPU Freq
14:47:13   2.4   0.0   0.6  96.7   0.3    1  14472   9202    0    0    2 111.98   55.99   0.00  55.99  48.17  2.84 GHz
14:47:13   2.3   0.0   0.6  96.7   0.4    2  13010   8558    0    0    0 110.37   55.12   0.00  55.25  47.42  2.95 GHz
14:47:14   2.4   0.0   0.6  96.6   0.4    2  15996   9766    2    0    7 112.81   56.47   0.00  56.34  48.51  2.94 GHz
14:47:14   1.4   0.0   1.2  94.6   2.8    2  42414  24578    0    0    1  89.26   44.63   0.00  44.63  36.61  2.93 GHz
14:47:15   1.8   0.0   1.0  93.7   3.5    2  38458  16998    0    0    0  91.87   45.88   0.00  45.99  38.14  3.00 GHz
14:47:15   2.7   0.0   0.4  95.4   1.4    2  12088   6254    0    0    0 114.51   57.31   0.00  57.20  49.56  3.05 GHz
14:47:16   2.8   0.0   0.3  96.7   0.1    2  11684   6014    0    0    0 113.60   56.80   0.00  56.80  49.18  3.02 GHz
14:47:16   2.8   0.0   0.5  96.6   0.1    1  10266   5612    0    0    0 113.97   56.99   0.00  56.99  49.37  2.96 GHz
14:47:17   2.6   0.0   0.5  96.7   0.2    2  10136   4708    0    0    0 115.59   57.79   0.00  57.79  50.13  2.94 GHz
14:47:17   2.9   0.0   0.4  96.6   0.1    2  11170   4914    0    0    0 115.75   57.88   0.00  57.88  50.26  3.01 GHz
14:47:18   2.9   0.0   0.4  96.6   0.1    2   9702   5388    0    0    0 115.11   57.56   0.00  57.56  49.95  3.02 GHz
14:47:18   2.3   0.0   0.5  96.2   1.0    1  29542  15202    0    0    0 103.48   51.74   0.00  51.74  44.09  3.02 GHz
14:47:19   2.3   0.0   0.8  93.4   3.5    2  18332  10896    1    0    1 106.58   53.29   0.00  53.29  45.69  2.97 GHz
14:47:19   2.7   0.0   0.4  95.7   1.1    2   9298   5318    0    0    0 116.60   58.30   0.00  58.30  50.60  3.07 GHz
14:47:20   2.9   0.0   0.4  96.5   0.3    2   9986  10944    0    0    1 114.31   57.16   0.00  57.16  49.51  2.95 GHz
14:47:20   2.9   0.0   0.4  96.2   0.4    2  17104  18502    0    0    0 115.35   57.67   0.00  57.67  50.05  3.07 GHz
14:47:21   3.1   0.0   0.4  96.4   0.1    2  10930   6146    0    0    0 118.13   59.07   0.00  59.07  51.42  2.96 GHz
14:47:21   3.0   0.0   0.5  96.4   0.1    2   8504   4950    0    0    1 119.99   60.00   0.00  60.00  52.34  2.93 GHz
14:47:22   2.7   0.0   0.5  96.7   0.1    2  10642   5630    0    0    0 113.31   56.66   0.00  56.66  49.02  2.91 GHz
14:47:22   2.1   0.0   0.9  95.3   1.7    2  41302  18694    0    0    0 101.02   50.51   0.00  50.51  42.70  2.88 GHz
14:47:23   2.6   0.0   0.3  93.7   3.4    2  12894   6308    0    0    0 114.60   57.30   0.00  57.30  49.66  2.98 GHz
14:47:23   2.6   0.0   0.5  96.7   0.2    1  10046   5564    0    0    0 115.50   57.75   0.00  57.75  50.12  3.07 GHz
14:47:24   2.8   0.0   0.3  96.7   0.2    2   9118   5010    0    0    0 116.80   58.40   0.00  58.40  50.78  3.03 GHz
  Time    User  Nice   Sys  Idle    IO  Run Ctxt/s  IRQ/s Fork Exec Exit  Watts   pkg-0 uncore  pkg-0   core  CPU Freq
14:47:24   2.6   0.0   0.6  96.6   0.2    2   8674   4820    0    0    0 115.60   57.75   0.00  57.86  50.23  2.92 GHz
14:47:25   2.8   0.0   0.2  96.9   0.1    2   8474   4772    0    0    0 115.74   57.92   0.00  57.81  50.22  2.91 GHz
14:47:25   2.7   0.0   0.3  96.6   0.4    2   9170   4696    0    0    0 114.54   57.27   0.00  57.27  49.62  2.99 GHz
14:47:26   1.8   0.0   0.8  95.7   1.8    2  63538  27700    0    0    0  96.77   48.38   0.00  48.38  40.61  2.92 GHz
14:47:26   2.8   0.0   0.4  93.6   3.3    3   8974   4252    0    0    0 112.95   56.48   0.00  56.48  48.86  3.10 GHz
14:47:27   2.6   0.0   0.4  96.5   0.4    2   7032   4268    0    0    0 114.47   57.23   0.00  57.23  49.60  3.05 GHz
14:47:27   2.7   0.0   0.4  96.7   0.2    2   5942   3828    0    0    0 112.28   56.07   0.00  56.21  48.53  3.03 GHz
14:47:28   2.8   0.0   0.3  96.7   0.2    2   6148   4000    0    0    0 115.98   58.06   0.00  57.92  50.29  2.96 GHz
14:47:28   2.7   0.0   0.4  96.7   0.3    2   7756   4740    0    0    0 117.06   58.53   0.00  58.53  50.90  3.05 GHz
14:47:29   2.5   0.0   0.4  96.7   0.3    1   7802   4602    0    0    0 111.59   55.80   0.00  55.80  48.15  3.04 GHz
14:47:29   2.0   0.0   0.8  95.1   2.1    2  49728  25350    0    0    2  95.36   47.68   0.00  47.68  39.84  2.93 GHz
14:47:30   2.8   0.0   0.3  93.9   3.1    2  10994   5536    0    0    0 113.83   56.85   0.00  56.98  49.31  2.93 GHz
14:47:30   2.6   0.0   0.4  96.9   0.1    2   8200   4616    0    0    0 116.28   58.20   0.00  58.08  50.44  3.00 GHz
14:47:31   2.7   0.0   0.4  96.7   0.2    2   8894   4652    0    0    0 114.98   57.49   0.00  57.49  49.97  3.07 GHz
14:47:31   2.8   0.0   0.3  96.7   0.2    2   6228   3876    0    0    0 116.04   58.02   0.00  58.02  50.26  2.98 GHz
14:47:32   2.8   0.0   0.3  96.7   0.2    2   8832   4346    0    0    0 116.88   58.44   0.00  58.44  50.82  3.10 GHz
14:47:32   1.8   0.0   0.8  96.6   0.8    1  22784  12912    0    0    0 102.97   51.48   0.00  51.48  43.76  3.01 GHz
14:47:33   1.8   0.0   1.0  93.7   3.4    2  33910  15032    0    0    0  91.64   45.82   0.00  45.82  38.01  3.15 GHz
14:47:33   2.2   0.0   0.7  95.4   1.7    2  12496   8416    0    0    0 112.22   56.11   0.00  56.11  48.37  3.17 GHz
14:47:34   2.1   0.0   0.9  96.7   0.3    2   9516   7172    0    0    0 112.16   56.08   0.00  56.08  48.35  3.03 GHz
14:47:34   2.2   0.0   0.8  96.6   0.4    1  15108  10058    0    0    0 110.55   55.27   0.00  55.27  47.52  3.27 GHz
14:47:35   0.3   0.0   1.8  96.6   1.4    2  35032  22418    0    0    0  89.05   44.52   0.00  44.52  36.39  3.04 GHz
14:47:35   0.3   0.0   1.6  96.6   1.6    2  34828  22534    0    0    0  92.81   46.35   0.00  46.46  38.20  3.18 GHz
  Time    User  Nice   Sys  Idle    IO  Run Ctxt/s  IRQ/s Fork Exec Exit  Watts   pkg-0 uncore  pkg-0   core  CPU Freq
14:47:36   1.8   0.0   0.7  96.8   0.7    2  16716  11096    0    0    0 102.48   51.29   0.00  51.18  43.43  2.89 GHz
14:47:36   2.2   0.0   0.8  95.7   1.3    1  41920  21612    0    0    0 103.94   51.97   0.00  51.97  44.19  3.11 GHz
14:47:37   2.1   0.0   0.6  93.7   3.5    2  32594  16174    0    0    0 102.11   51.05   0.00  51.05  43.33  2.94 GHz
14:47:37   2.6   0.0   0.5  95.7   1.2    2   7908   6202    0    0    0 115.72   57.86   0.00  57.86  50.17  3.11 GHz
14:47:38   2.6   0.0   0.4  96.9   0.1    3   5986   5436    0    0    0 117.53   58.76   0.00  58.76  51.22  3.10 GHz
14:47:38   2.8   0.0   0.3  96.7   0.2    2   7782   6298    0    0    0 118.44   59.22   0.00  59.22  51.41  3.14 GHz
14:47:39   2.6   0.0   0.4  96.7   0.2    2   7060   6238    1    0    1 117.29   58.64   0.00  58.64  50.96  3.03 GHz
14:47:39   2.6   0.0   0.4  96.8   0.1    1   7994   6090    0    0    0 118.13   59.02   0.00  59.11  51.41  3.18 GHz
14:47:40   2.4   0.0   0.6  96.9   0.1    2   6180   5654    0    0    0 117.79   58.94   0.00  58.86  51.34  3.02 GHz
14:47:40   1.9   0.0   1.0  95.4   1.6    2  45556  24334    0    0    0 100.63   50.32   0.00  50.32  42.33  3.10 GHz
14:47:41   2.6   0.0   0.5  93.7   3.3    1  10616   7036    0    0    0 114.87   57.44   0.00  57.44  49.69  2.88 GHz
14:47:41   2.9   0.0   0.3  96.6   0.3    2   9034   7130    0    0    0 117.43   58.71   0.00  58.71  50.92  3.19 GHz
14:47:42   2.4   0.0   0.7  96.8   0.1    2   8386   6556    0    0    0 117.23   58.62   0.00  58.62  50.83  3.05 GHz
14:47:42   2.5   0.0   0.5  96.8   0.2    2   8500   6540    0    0    0 117.17   58.58   0.00  58.58  50.82  2.89 GHz
14:47:43   2.6   0.0   0.6  96.7   0.2    2   9180   6782    0    0    0 116.83   58.42   0.00  58.42  50.65  3.06 GHz
14:47:43   2.8   0.0   0.2  96.9   0.1    2   9124   6704    0    0    0 117.63   58.81   0.00  58.81  51.05  3.08 GHz
14:47:44   0.3   0.0   1.1  96.9   1.6    1  26728  17548    0    0    0  77.77   38.89   0.00  38.89  30.78  3.02 GHz
14:47:44   0.2   0.0   1.2  96.9   1.8    2  28096  18594    0    0    0  80.76   40.38   0.00  40.38  32.24  3.02 GHz
14:47:45   0.2   0.0   1.4  96.8   1.6    2  26174  18310    0    0    0  71.83   35.91   0.00  35.91  27.85  3.10 GHz
14:47:45   0.4   0.0   1.4  96.6   1.6    2  25612  18526    0    0    0  70.19   35.09   0.00  35.09  26.97  3.19 GHz
14:47:46   0.3   0.0   1.3  96.7   1.7    2  25408  17482    0    0    0  66.35   33.18   0.00  33.18  25.22  3.05 GHz
14:47:46   0.2   0.0   1.1  96.8   1.9    2  25756  17302    0    0    0  66.88   33.44   0.00  33.44  25.50  3.13 GHz
14:47:47   0.3   0.0   1.4  96.6   1.8    2  24714  17118    0    0    0  61.11   30.55   0.00  30.55  22.61  3.02 GHz
  Time    User  Nice   Sys  Idle    IO  Run Ctxt/s  IRQ/s Fork Exec Exit  Watts   pkg-0 uncore  pkg-0   core  CPU Freq
14:47:47   0.4   0.0   1.3  96.4   1.9    1  24006  16956    0    0    0  59.48   29.74   0.00  29.74  21.65  2.91 GHz
14:47:48   0.3   0.0   1.3  96.7   1.8    1  26998  17936    0    0    0  67.12   33.56   0.00  33.56  25.46  3.07 GHz
14:47:48   0.2   0.0   1.4  96.8   1.6    2  32678  20920    0    0    0  90.88   45.44   0.00  45.44  37.25  3.04 GHz
14:47:49   0.3   0.0   1.6  96.7   1.4    2  31234  20994    0    0    0  81.48   40.74   0.00  40.74  32.66  3.12 GHz
14:47:49   0.2   0.0   1.5  96.9   1.4    2  31808  20982    0    0    0  80.62   40.31   0.00  40.31  32.04  3.28 GHz
14:47:50   1.8   0.0   0.9  96.6   0.8    2  17430  11992    0    0    0  99.96   49.98   0.00  49.98  42.05  2.92 GHz
14:47:50   2.1   0.0   0.9  95.9   1.2    2  49574  26738    0    0    0 103.42   51.71   0.00  51.71  43.90  3.33 GHz
14:47:51   2.4   0.0   0.5  93.9   3.3    2  11594   7932    0    0    0 106.90   53.45   0.00  53.45  45.77  3.09 GHz
14:47:51   2.6   0.0   0.5  96.1   0.8    2   6574   5492    0    0    0 115.50   57.75   0.00  57.75  50.07  3.12 GHz
14:47:52   2.7   0.0   0.4  96.7   0.2    2   5606   5376    0    0    0 114.51   57.26   0.00  57.26  49.60  2.94 GHz
14:47:52   2.8   0.0   0.4  96.7   0.1    2   5070   5252    0    0    0 114.91   57.46   0.00  57.46  49.78  3.08 GHz
14:47:53   2.4   0.0   0.6  96.8   0.2    2   5366   5456    0    0    0 114.95   57.48   0.00  57.48  49.81  2.98 GHz
14:47:53   2.8   0.0   0.3  96.8   0.1    2   6926   6204    0    0    0 115.42   57.71   0.00  57.71  50.04  3.17 GHz
14:47:54   2.6   0.0   0.6  96.6   0.2    3   4750   5010    0    0    0 113.80   56.90   0.00  56.90  49.23  3.03 GHz
14:47:54   2.5   0.0   0.4  96.8   0.3    2   9238   7100    0    0    0 110.09   55.05   0.00  55.05  47.37  3.15 GHz
14:47:55   2.2   0.0   0.8  93.6   3.5    2  51398  26262    0    0    0 101.82   50.91   0.00  50.91  43.10  2.98 GHz
14:47:55   2.5   0.0   0.6  95.1   1.8    2   7512   6522    0    0    0 112.88   56.44   0.00  56.44  48.77  3.06 GHz
14:47:56   2.6   0.0   0.4  96.8   0.2    2   8406   6782    0    0    0 114.17   57.09   0.00  57.09  49.42  2.97 GHz
14:47:56   2.6   0.0   0.4  96.9   0.1    2   4270   4962    0    0    0 114.86   57.43   0.00  57.43  49.76  3.07 GHz
14:47:57   2.7   0.0   0.4  96.7   0.2    2   6676   6232    0    0    0 114.77   57.38   0.00  57.38  49.72  3.03 GHz
14:47:57   2.6   0.0   0.5  96.8   0.1    2   4620   5240    0    0    0 115.20   57.60   0.00  57.60  49.93  3.15 GHz
14:47:58   2.6   0.0   0.4  96.8   0.1    2   8716   6894    0    0    0 115.04   57.52   0.00  57.52  49.84  2.99 GHz
14:47:58   2.6   0.0   0.4  96.8   0.2    2   5456   5542    0    0    0 112.82   56.41   0.00  56.41  48.76  3.08 GHz
  Time    User  Nice   Sys  Idle    IO  Run Ctxt/s  IRQ/s Fork Exec Exit  Watts   pkg-0 uncore  pkg-0   core  CPU Freq
14:47:59   1.9   0.0   1.1  94.4   2.6    2  17416  10764    1    0    0  90.64   45.32   0.00  45.32  37.48  2.81 GHz
14:47:59   2.4   0.0   0.6  94.2   2.8    2   8696   6480    0    0    0 113.22   56.61   0.00  56.61  48.92  3.06 GHz
14:48:00   2.8   0.0   0.4  96.7   0.1    2   7018   6130    0    0    0 116.67   58.34   0.00  58.34  50.56  3.00 GHz
14:48:00   2.6   0.0   0.4  96.7   0.2    2  10248   7450    0    0    0 113.53   56.77   0.00  56.77  48.99  2.89 GHz
14:48:01   2.8   0.0   0.3  96.8   0.1    2   7156   6198    0    0    0 113.95   56.98   0.00  56.98  49.21  2.93 GHz
14:48:01   2.7   0.0   0.4  96.7   0.2    2  10616   7680    0    0    0 113.69   56.84   0.00  56.84  49.05  2.97 GHz
14:48:02   2.7   0.0   0.6  96.6   0.1    2   7340   6396    0    0    0 116.60   58.30   0.00  58.30  50.47  2.91 GHz
14:48:02   2.7   0.0   0.5  96.7   0.1    2  10276   7730    0    0    0 115.54   57.71   0.00  57.83  50.05  2.97 GHz
14:48:03   2.1   0.0   1.1  94.9   2.0    2  62692  30986    0    0    0 108.12   54.12   0.00  54.00  46.10  3.05 GHz
14:48:03   2.6   0.0   0.6  93.8   3.0    1   8906   6722    0    0    0 114.24   57.12   0.00  57.12  49.38  2.94 GHz
14:48:04   2.7   0.0   0.5  96.6   0.2    2   8698   6886    0    0    0 117.86   58.93   0.00  58.93  51.17  2.96 GHz
14:48:04   2.8   0.0   0.3  96.8   0.1    1   8604   6652    0    0    0 118.46   59.23   0.00  59.23  51.49  2.94 GHz
14:48:05   2.6   0.0   0.5  96.7   0.2    2   7142   6058    0    0    0 117.33   58.66   0.00  58.66  50.91  2.93 GHz
14:48:05   2.8   0.0   0.3  96.7   0.1    2   8444   6580    0    0    0 115.90   57.95   0.00  57.95  50.15  2.90 GHz
14:48:06   2.7   0.0   0.4  96.8   0.1    2   8944   6912    0    0    0 117.98   58.99   0.00  58.99  51.23  2.91 GHz
14:48:06   2.8   0.0   0.3  96.7   0.2    2   6502   5842    0    0    0 117.42   58.71   0.00  58.71  50.96  2.89 GHz
14:48:07   2.0   0.0   0.8  95.4   1.8    2  18488  12216    0    0    0  95.87   47.93   0.00  47.93  40.04  3.02 GHz
14:48:07   2.6   0.0   0.6  93.7   3.2    2   9304   6552    0    0    0 112.45   56.22   0.00  56.22  48.45  2.99 GHz
14:48:08   2.8   0.0   0.4  96.7   0.1    2   9774   7192    0    0    0 116.78   58.39   0.00  58.39  50.67  2.91 GHz
14:48:08   2.6   0.0   0.5  96.7   0.1    2   5644   5590    0    0    0 116.62   58.31   0.00  58.31  50.65  2.94 GHz
14:48:09   2.7   0.0   0.4  96.7   0.2    2   5974   5742    0    0    0 116.08   57.99   0.00  58.08  50.41  3.03 GHz
14:48:09   2.4   0.0   0.6  96.8   0.2    2   9262   6980    0    0    0 110.77   55.43   0.00  55.34  47.65  3.13 GHz
14:48:10   2.4   0.0   0.7  96.7   0.3    2   9664   7522    0    0    0 110.80   55.40   0.00  55.40  47.68  2.94 GHz
  Time    User  Nice   Sys  Idle    IO  Run Ctxt/s  IRQ/s Fork Exec Exit  Watts   pkg-0 uncore  pkg-0   core  CPU Freq
14:48:10   1.9   0.0   1.2  94.2   2.7    2  53468  28244    0    0    0  95.79   47.89   0.00  47.89  40.02  3.15 GHz
14:48:11   2.3   0.0   0.8  94.5   2.4    2  11280   7948    0    0    0 109.24   54.62   0.00  54.62  46.89  3.08 GHz
14:48:11   2.3   0.0   0.7  96.7   0.3    2  10562   7942    0    0    0 108.74   54.37   0.00  54.37  46.76  3.01 GHz
14:48:12   2.4   0.0   0.6  96.7   0.3    2   9494   7388    0    0    0 108.74   54.37   0.00  54.37  46.46  3.01 GHz
14:48:12   2.0   0.0   0.6  96.8   0.6    1  18456   8660    0    0    0 105.25   52.62   0.00  52.62  44.74  2.93 GHz
14:48:13   1.6   0.0   1.1  95.1   2.3    2  26770  12548    0    0    0  77.46   38.73   0.00  38.73  30.91  3.02 GHz
14:48:13   2.3   0.0   0.6  93.6   3.4    3  17012   8564    0    0    0 107.72   53.86   0.00  53.86  45.90  3.04 GHz
14:48:14   2.2   0.0   0.8  96.7   0.3    2  16052   9258    0    0    0 112.14   56.07   0.00  56.07  48.23  2.93 GHz
14:48:14   2.3   0.0   0.8  96.7   0.3    2  13618   8396    0    0    0 114.51   57.25   0.00  57.25  49.40  2.94 GHz
14:48:15   2.1   0.0   0.7  96.7   0.4    2  14974   8918    0    0    0 109.87   54.94   0.00  54.94  47.09  3.02 GHz
14:48:15   1.6   0.0   1.1  96.1   1.1    2  34028  18092    0    0    0 100.71   50.36   0.00  50.36  42.47  3.19 GHz
14:48:16   1.8   0.0   0.8  93.8   3.6    2  55276  27106    0    0    0 103.01   51.51   0.00  51.51  43.57  2.90 GHz
14:48:16   2.3   0.0   0.9  95.3   1.5    2  14256   8614    0    0    0 108.87   54.44   0.00  54.44  46.57  2.96 GHz
14:48:17   2.2   0.0   0.7  96.9   0.3    2  14756   8774    0    0    0 109.83   54.91   0.00  54.91  47.05  2.91 GHz
14:48:17   2.2   0.0   0.8  96.7   0.4    2  15460   9158    0    0    0 107.51   53.76   0.00  53.76  45.94  2.98 GHz
14:48:18   1.8   0.0   0.6  96.7   0.8    2  18792  10292    0    0    0  96.97   48.48   0.00  48.48  40.63  2.94 GHz
14:48:18   1.6   0.0   1.2  94.4   2.8    2  24898  14560    0    0    0  88.30   44.15   0.00  44.15  36.17  3.08 GHz
14:48:19   2.3   0.0   0.8  94.1   2.9    2  17332   9654    1    0    1 113.18   56.59   0.00  56.59  48.75  3.02 GHz
14:48:19   2.4   0.0   0.7  96.6   0.3    2  14844   9196    0    0    0 113.10   56.55   0.00  56.55  48.71  2.88 GHz
14:48:20   2.2   0.0   0.9  96.5   0.3    2  15446   8734    0    0    0 112.91   56.45   0.00  56.45  48.58  2.97 GHz
14:48:20   2.1   0.0   0.4  96.9   0.6    2  17712   7596    0    0    0  98.16   49.08   0.00  49.08  41.23  2.98 GHz
14:48:21   1.5   0.0   1.1  95.7   1.8    1  23230  11572    0    0    0  83.18   41.59   0.00  41.59  33.67  2.67 GHz
14:48:21   2.3   0.0   0.8  93.7   3.3    2  22742  12262    0    0    0 103.90   51.95   0.00  51.95  44.10  2.85 GHz
  Time    User  Nice   Sys  Idle    IO  Run Ctxt/s  IRQ/s Fork Exec Exit  Watts   pkg-0 uncore  pkg-0   core  CPU Freq
14:48:22   2.6   0.0   0.7  95.6   1.0    2  13762   8836    0    0    0 113.44   56.72   0.00  56.72  48.86  2.99 GHz
14:48:22   2.3   0.0   0.6  96.9   0.3    2  16416   9260    0    0    0 110.60   55.30   0.00  55.30  47.45  2.92 GHz
14:48:23   2.2   0.0   0.9  96.6   0.4    2  14416   9020    0    0    0 110.51   55.26   0.00  55.26  47.42  3.00 GHz
14:48:23   1.6   0.0   0.8  96.9   0.8    2  19764   7842    0    0    0  97.49   48.74   0.00  48.74  40.91  3.07 GHz
14:48:24   1.5   0.0   1.2  93.9   3.4    2  30626  15364    0    0    0  82.67   41.33   0.00  41.33  33.41  2.95 GHz
14:48:24   2.2   0.0   0.8  94.9   2.1    2  15430   9296    0    0    0 110.88   55.44   0.00  55.44  47.61  2.98 GHz
14:48:25   2.3   0.0   0.9  96.6   0.2    2   7916   6394    0    0    0 110.35   55.18   0.00  55.18  47.26  2.93 GHz
14:48:25   1.9   0.0   1.3  96.7   0.0    2   2896   2288    0    0    0 111.96   55.98   0.00  55.98  48.15  3.09 GHz
14:48:26   2.4   0.0   0.8  96.7   0.1    2   2766   2320    0    0    0 114.29   57.15   0.00  57.15  49.49  2.90 GHz
14:48:26   2.6   0.0   0.6  96.8   0.0    2   2674   2324    0    0    0 112.48   56.24   0.00  56.24  48.58  2.97 GHz
14:48:27   2.6   0.0   0.7  96.6   0.1    1   5820   3744    0    0    0 112.62   56.31   0.00  56.31  48.65  3.05 GHz
14:48:27   2.6   0.0   0.4  96.8   0.2    2   7446   4458    0    0    0 112.48   56.24   0.00  56.24  48.60  2.88 GHz
14:48:28   2.4   0.0   0.6  96.7   0.4    2  10104   5680    0    0    0 107.20   53.60   0.00  53.60  45.92  3.01 GHz
14:48:28   2.3   0.0   0.5  96.6   0.6    1  14318   7366    0    0    0  97.99   49.00   0.00  49.00  41.30  3.04 GHz
14:48:29   1.9   0.0   0.9  93.2   3.9    2  55450  24700    0    0    0 102.40   51.20   0.00  51.20  43.46  2.81 GHz
14:48:29   2.4   0.0   0.8  95.1   1.8    2  11182   6216    0    0    0 113.16   56.58   0.00  56.58  48.80  3.02 GHz
14:48:30   2.6   0.0   0.4  96.7   0.2    2  10082   5722    0    0    0 114.33   57.17   0.00  57.17  49.51  2.98 GHz
14:48:30   2.7   0.0   0.4  96.7   0.2    1  10716   5956    0    0    0 109.63   54.81   0.00  54.81  47.16  3.02 GHz
14:48:31   2.5   0.0   0.6  96.7   0.3    2  11610   6178    0    0    0 110.12   55.06   0.00  55.06  47.36  2.88 GHz
14:48:31   2.5   0.0   0.6  96.8   0.1    2   8008   6326    0    0    0 111.90   55.95   0.00  55.95  48.16  3.00 GHz
14:48:32   2.4   0.0   0.9  96.7   0.1    2   2612   7158    0    0    0 114.60   57.30   0.00  57.30  49.37  2.97 GHz
14:48:32   2.2   0.0   0.9  96.9   0.0    3   2494   5738    0    0    0 114.06   57.03   0.00  57.03  49.07  2.95 GHz
14:48:33   0.9   0.0   2.4  96.6   0.1    2   2596   2236    0    0    0 108.00   54.00   0.00  54.00  45.94  2.98 GHz
  Time    User  Nice   Sys  Idle    IO  Run Ctxt/s  IRQ/s Fork Exec Exit  Watts   pkg-0 uncore  pkg-0   core  CPU Freq
14:48:33   0.8   0.0   2.6  96.7   0.0    2   2540   2244    0    0    0 109.57   54.78   0.00  54.78  46.69  2.91 GHz
14:48:34   1.3   0.0   1.9  96.7   0.1    2   2476   2220    0    0    0 110.23   55.11   0.00  55.11  47.15  2.99 GHz
14:48:34   2.6   0.0   0.6  96.7   0.1    2   2648   2230    0    0    0 109.85   54.93   0.00  54.93  47.26  3.07 GHz
14:48:35   2.9   0.0   0.6  96.5   0.0    2   2510   2216    0    0    0 112.16   56.08   0.00  56.08  48.43  3.01 GHz
14:48:35   2.6   0.0   0.6  96.8   0.1    2   2550   2288    0    0    0 112.01   56.00   0.00  56.00  48.36  3.01 GHz
14:48:36   2.6   0.0   0.6  96.7   0.1    2   2568   2306    0    0    0 112.23   56.11   0.00  56.11  48.49  3.01 GHz
14:48:36   2.8   0.0   0.4  96.7   0.0    2   2476   2222    0    0    0 112.53   56.27   0.00  56.27  48.60  3.03 GHz
14:48:37   2.7   0.0   0.6  96.7   0.1    2   2516   2280    0    0    0 110.79   55.39   0.00  55.39  47.77  3.01 GHz
14:48:37   2.8   0.0   0.6  96.7   0.0    2   2498   2250    0    0    0 111.25   55.62   0.00  55.62  47.94  2.99 GHz
14:48:38   2.6   0.0   0.6  96.7   0.1    2   2476   2258    0    0    0 110.53   55.27   0.00  55.27  47.81  3.07 GHz
14:48:38   2.6   0.0   0.6  96.5   0.3    2   8464  12894    0    0    0 111.58   55.79   0.00  55.79  47.97  3.24 GHz
14:48:39   2.9   0.0   0.6  96.2   0.3    2  14012  20534    1    0    1 111.89   55.95   0.00  55.95  48.28  3.04 GHz
14:48:39   2.8   0.0   0.6  96.4   0.1    2   2646   2160    0    0    0 113.00   56.50   0.00  56.50  49.15  3.10 GHz
14:48:40   3.1   0.0   0.7  96.1   0.1    2   2178   1896    0    0    1 117.59   58.80   0.00  58.80  51.43  3.04 GHz
14:48:40   2.7   0.0   0.6  96.6   0.2    2   1826   2348    0    0    0 112.29   56.14   0.00  56.14  48.77  3.06 GHz
14:48:41   2.9   0.0   0.4  96.6   0.1    2   1732   1458    0    0    0 111.56   55.78   0.00  55.78  48.48  3.12 GHz
14:48:41   2.5   0.0   0.8  96.5   0.2    2   2452   1918    0    0    0 111.03   55.52   0.00  55.52  48.30  3.00 GHz
14:48:42   2.8   0.0   0.5  96.7   0.1    2   1696   1462    0    0    0 110.76   55.38   0.00  55.38  48.09  3.04 GHz
14:48:42   2.4   0.0   0.5  96.7   0.3    2   5436   3256    0    0    0 102.12   51.06   0.00  51.06  43.76  3.03 GHz
14:48:43   1.8   0.0   0.9  94.2   3.1    2  39076  19266    0    0    0 102.90   51.45   0.00  51.45  43.58  3.07 GHz
14:48:43   2.3   0.0   0.8  94.7   2.3    2  12056   6160    0    0    0 112.30   56.15   0.00  56.15  48.48  3.00 GHz
14:48:44   2.5   0.0   0.6  96.7   0.2    2   8932   5050    0    0    0 113.60   56.80   0.00  56.80  49.10  3.14 GHz
14:48:44   2.5   0.0   0.4  96.9   0.2    2   7518   4206    0    0    0 113.67   56.83   0.00  56.83  49.15  3.14 GHz
  Time    User  Nice   Sys  Idle    IO  Run Ctxt/s  IRQ/s Fork Exec Exit  Watts   pkg-0 uncore  pkg-0   core  CPU Freq
14:48:45   2.6   0.0   0.5  96.7   0.2    2   7008   3972    0    0    0 113.45   56.73   0.00  56.73  49.01  2.93 GHz
14:48:45   2.5   0.0   0.3  96.9   0.3    2   9494   5140    0    0    0 109.44   54.72   0.00  54.72  47.04  3.06 GHz
14:48:46   1.8   0.0   1.1  95.2   1.9    2  32738  16242    0    0    0  93.46   46.73   0.00  46.73  38.89  2.96 GHz
14:48:46   2.6   0.0   0.6  93.7   3.1    2  11084   5908    0    0    0 113.51   56.76   0.00  56.76  49.03  2.99 GHz
14:48:47   2.8   0.0   0.4  96.5   0.3    2   9868   5488    0    0    0 115.91   57.89   0.00  58.01  50.31  3.06 GHz
14:48:47   2.6   0.0   0.4  96.8   0.2    2   6796   3876    0    0    0 113.44   56.78   0.00  56.66  49.00  2.99 GHz
14:48:48   2.4   0.0   0.5  96.8   0.3    2   9608   5214    0    0    0 112.37   56.19   0.00  56.19  48.51  3.01 GHz
14:48:48   2.6   0.0   0.4  96.7   0.2    2   8450   4586    0    0    0 113.40   56.70   0.00  56.70  49.04  3.03 GHz
14:48:49   1.7   0.0   1.0  95.9   1.4    1  13924   8614    0    0    0  95.23   47.61   0.00  47.61  39.80  3.07 GHz
14:48:49   2.4   0.0   0.6  93.6   3.4    3  25612  11310    0    0    0 104.18   52.09   0.00  52.09  44.23  2.96 GHz
14:48:50   2.3   0.0   0.9  95.7   1.2    2   9744   4764    0    0    0 111.50   55.75   0.00  55.75  47.93  3.12 GHz
14:48:50   2.6   0.0   0.4  96.7   0.2    2  10540   5342    0    0    0 112.68   56.34   0.00  56.34  48.57  3.19 GHz
14:48:51   2.4   0.0   0.6  96.8   0.2    2   9612   5020    0    0    0 112.94   56.47   0.00  56.47  48.77  2.98 GHz
14:48:51   2.8   0.0   0.4  96.7   0.2    2  10942   5622    0    0    0 113.11   56.50   0.00  56.61  48.89  2.99 GHz
14:48:52   2.1   0.0   0.7  96.7   0.5    3  13428   6688    0    0    0 102.57   51.34   0.00  51.23  43.56  3.05 GHz
14:48:52   1.8   0.0   0.9  94.4   3.0    2  38086  18506    0    0    0  98.61   49.31   0.00  49.31  41.45  2.94 GHz
14:48:53   2.6   0.0   0.6  94.6   2.3    2  12396   5844    0    0    0 110.96   55.42   0.00  55.54  47.86  2.92 GHz
14:48:53   2.8   0.0   0.3  96.7   0.2    2  10328   5378    0    0    0 107.63   53.87   0.00  53.76  46.07  2.94 GHz
14:48:54   2.4   0.0   0.6  96.8   0.2    2  10196   4406    0    0    0 108.19   54.09   0.00  54.09  46.41  3.04 GHz
14:48:54   2.4   0.0   0.6  96.7   0.2    2   9782   4924    0    0    0 112.52   56.26   0.00  56.26  48.57  3.00 GHz
14:48:55   2.4   0.0   0.6  96.7   0.3    2  10808   5448    0    0    0 108.23   54.12   0.00  54.12  46.43  2.97 GHz
14:48:55   1.8   0.0   1.1  95.1   2.1    2  24650  11576    0    0    0  86.69   43.27   0.00  43.42  35.57  2.87 GHz
14:48:56   2.3   0.0   0.9  93.7   3.1    2  10572   5430    0    0    0 110.64   55.40   0.00  55.24  47.56  2.88 GHz
  Time    User  Nice   Sys  Idle    IO  Run Ctxt/s  IRQ/s Fork Exec Exit  Watts   pkg-0 uncore  pkg-0   core  CPU Freq
14:48:56   2.5   0.0   0.6  96.7   0.2    2   9500   5070    0    0    0 106.46   53.23   0.00  53.23  45.69  3.06 GHz
14:48:57   2.4   0.0   0.7  96.7   0.2    2  10908   5268    0    0    0 110.89   55.44   0.00  55.44  47.60  2.89 GHz
14:48:57   2.4   0.0   0.5  96.8   0.3    2  10238   5366    0    0    0 112.15   56.08   0.00  56.08  48.40  2.97 GHz
14:48:58   2.6   0.0   0.5  96.7   0.2    2   8250   4620    0    0    0 113.08   56.54   0.00  56.54  48.86  2.96 GHz
14:48:58   1.9   0.0   0.8  96.2   1.1    2  28464  13994    0    0    0 102.96   51.48   0.00  51.48  43.70  3.00 GHz
14:48:59   2.0   0.0   0.7  93.7   3.6    2  20218   9970    1    0    0  92.91   46.45   0.00  46.45  38.74  2.86 GHz
14:48:59   2.8   0.0   0.4  95.7   1.1    3  11148   5972    0    0    0 110.41   55.16   0.00  55.25  47.55  2.98 GHz
14:49:00   2.5   0.0   0.6  96.7   0.2    2  10918   5146    0    0    0 112.37   56.18   0.00  56.19  48.50  2.97 GHz
14:49:00   2.4   0.0   0.6  96.7   0.3    2   9712   5494    0    0    0 111.92   56.01   0.00  55.91  48.24  2.99 GHz
14:49:01   2.6   0.0   0.5  96.7   0.2    2   9186   5268    0    0    0 112.16   56.08   0.00  56.08  48.40  2.83 GHz
14:49:01   2.2   0.0   0.6  96.7   0.4    2  10248   5736    0    0    0 102.03   51.01   0.00  51.01  43.29  3.11 GHz
14:49:02   2.0   0.0   1.1  93.7   3.2    2  21676  12306    0    0    0  92.08   46.04   0.00  46.04  38.18  2.93 GHz
14:49:02   2.5   0.0   0.6  94.9   2.0    2   9640   5338    0    0    0 112.48   56.24   0.00  56.24  48.56  3.02 GHz
14:49:03   2.5   0.0   0.6  96.7   0.2    2  10264   5278    0    0    0 111.76   55.88   0.00  55.88  48.19  3.03 GHz
14:49:03   2.6   0.0   0.4  96.7   0.2    2  11576   5870    0    0    0 112.32   56.16   0.00  56.16  48.46  2.92 GHz
14:49:04   2.5   0.0   0.6  96.7   0.3    2  11518   6046    0    0    0 108.75   54.37   0.00  54.37  46.66  3.03 GHz
14:49:04   2.1   0.0   0.8  96.7   0.4    2  12594   6346    0    0    0 105.57   52.78   0.00  52.78  45.09  2.97 GHz
14:49:05   1.7   0.0   1.1  94.9   2.3    2  17910  10576    0    0    0  89.64   44.82   0.00  44.82  36.95  2.92 GHz
14:49:05   2.4   0.0   0.6  94.1   2.9    1  12116   5982    0    0    0 106.67   53.34   0.00  53.34  45.73  3.23 GHz
14:49:06   2.4   0.0   0.9  95.6   1.1    2   8986   7060    0    0    0 107.19   53.60   0.00  53.60  45.47  3.01 GHz
14:49:06   2.8   0.0   0.3  96.7   0.2    2   9150   5322    0    0    0 113.56   56.78   0.00  56.78  48.93  2.97 GHz
14:49:07   2.6   0.0   0.7  96.5   0.2    2  10770   5892    0    0    0 113.01   56.51   0.00  56.51  48.64  3.15 GHz
14:49:07   2.8   0.0   0.5  96.4   0.2    3  10566   5712    0    0    0 114.07   57.03   0.00  57.03  49.17  3.01 GHz
  Time    User  Nice   Sys  Idle    IO  Run Ctxt/s  IRQ/s Fork Exec Exit  Watts   pkg-0 uncore  pkg-0   core  CPU Freq
14:49:08   2.1   0.0   0.8  96.3   0.9    3  24994  10554    0    0    0  94.90   47.45   0.00  47.45  39.67  3.13 GHz
14:49:08   2.0   0.0   0.8  93.6   3.6    2  28988  14988    0    0    0 101.45   50.72   0.00  50.72  42.94  2.95 GHz
14:49:09   2.6   0.0   0.5  95.4   1.6    2  10754   5614    0    0    0 109.03   54.51   0.00  54.51  46.75  2.89 GHz
14:49:09   2.6   0.0   0.4  96.7   0.2    2   8644   4878    0    0    0 109.16   54.58   0.00  54.58  46.74  2.92 GHz
14:49:10   2.6   0.0   0.6  96.7   0.2    2   7794   4594    0    0    0 110.83   55.42   0.00  55.42  47.60  2.96 GHz
14:49:10   2.6   0.0   0.4  96.6   0.4    2   8576   4918    0    0    0 106.69   53.35   0.00  53.35  45.53  2.95 GHz
14:49:11   2.4   0.0   0.3  96.9   0.4    2   7766   4392    0    0    0 103.01   51.51   0.00  51.51  43.86  2.99 GHz
14:49:11   1.9   0.0   0.5  96.6   0.9    2  10120   5410    0    0    0  79.29   39.64   0.00  39.64  32.06  3.08 GHz
14:49:12   1.9   0.0   1.0  93.8   3.2    2  24892  13848    0    0    0  96.65   48.32   0.00  48.32  40.52  2.79 GHz
14:49:12   2.9   0.0   0.5  94.7   1.9    2   6328   3762    0    0    0 115.61   57.81   0.00  57.81  50.21  3.05 GHz
14:49:13   2.7   0.0   0.5  96.7   0.1    2   5458   3576    0    0    0 113.79   56.90   0.00  56.90  49.47  3.03 GHz
14:49:13   2.9   0.0   0.4  96.6   0.1    2   5204   3362    0    0    0 118.45   59.22   0.00  59.22  51.62  2.95 GHz
14:49:14   2.8   0.0   0.6  96.6   0.0    3   5640   3576    0    0    0 120.21   60.11   0.00  60.11  52.55  2.99 GHz
14:49:14   2.6   0.0   0.5  96.7   0.2    2   7620   4226    0    0    0 118.12   59.06   0.00  59.06  51.44  2.88 GHz
14:49:15   2.9   0.0   0.3  96.7   0.1    2   6608   3948    0    0    0 116.95   58.48   0.00  58.48  50.91  2.94 GHz
14:49:15   2.7   0.0   0.7  96.6   0.1    2   5492   3276    0    0    0 119.14   59.52   0.00  59.62  52.16  2.94 GHz
14:49:16   2.6   0.0   0.7  96.7   0.1    2   3548   2626    0    0    0 121.54   60.82   0.00  60.72  53.34  3.01 GHz
14:49:16   2.8   0.0   0.6  96.7   0.0    2   2472   2258    0    0    0 117.48   58.68   0.00  58.79  51.33  2.98 GHz
14:49:17   2.8   0.0   0.4  96.7   0.1    2   4476   3238    0    0    0 117.21   58.66   0.00  58.55  51.03  2.86 GHz
14:49:17   2.8   0.0   0.4  96.6   0.2    2   8174   5740    0    0    0 114.24   57.12   0.00  57.12  49.33  3.00 GHz
14:49:18   2.7   0.0   0.3  96.9   0.2    2   9772   5900    0    0    0 113.08   56.54   0.00  56.54  48.76  3.02 GHz
14:49:18   1.8   0.0   1.0  94.5   2.6    2  58910  28706    0    0    0  95.86   47.93   0.00  47.93  40.03  2.84 GHz
14:49:19   2.5   0.0   0.6  94.0   2.9    2   9596   6494    1    0    1 116.64   58.32   0.00  58.32  50.66  3.07 GHz
  Time    User  Nice   Sys  Idle    IO  Run Ctxt/s  IRQ/s Fork Exec Exit  Watts   pkg-0 uncore  pkg-0   core  CPU Freq
14:49:19   2.7   0.0   0.4  96.7   0.2    2   8614   6240    0    0    0 115.16   57.58   0.00  57.58  49.91  3.14 GHz
14:49:20   2.6   0.0   0.4  96.9   0.1    2   6860   5530    0    0    0 115.23   57.61   0.00  57.61  49.93  3.00 GHz
14:49:20   2.8   0.0   0.3  96.7   0.2    2   7738   5512    0    0    0 114.88   57.44   0.00  57.44  49.77  3.10 GHz
14:49:21   2.8   0.0   0.3  96.7   0.2    2   8346   5906    0    0    0 114.22   57.11   0.00  57.11  49.42  2.98 GHz
14:49:21   2.8   0.0   0.5  96.5   0.2    2   7838   4698    0    0    0 114.01   57.01   0.00  57.01  49.35  3.05 GHz
14:49:22   2.3   0.0   0.3  96.7   0.7    4  15322   8072    0    0    0  97.81   48.90   0.00  48.90  41.24  3.14 GHz
14:49:22   2.1   0.0   0.7  93.8   3.4    2  61384  28864    0    0    0 112.28   56.07   0.00  56.20  48.33  2.97 GHz
14:49:23   2.6   0.0   0.5  95.3   1.6    2  10106   5576    0    0    0 114.49   57.31   0.00  57.18  49.51  3.01 GHz
14:49:23   2.6   0.0   0.5  96.7   0.2    2   7864   4576    0    0    0 116.86   58.43   0.00  58.43  50.80  3.07 GHz
14:49:24   2.6   0.0   0.5  96.7   0.2    2   8740   5224    0    0    0 116.72   58.36   0.00  58.36  50.70  3.01 GHz
14:49:24   2.8   0.0   0.3  96.7   0.2    2   6948   4082    0    0    0 111.90   55.95   0.00  55.95  48.32  3.10 GHz
14:49:25   2.7   0.0   0.4  96.6   0.3    2   6128   3750    0    0    0 109.37   54.68   0.00  54.68  47.03  3.12 GHz
14:49:25   2.1   0.0   0.4  96.7   0.8    2  12082   6472    0    0    0  89.45   44.72   0.00  44.72  37.08  2.87 GHz
14:49:26   1.9   0.0   0.8  94.6   2.7    2  43442  18908    0    0    0  93.95   46.98   0.00  46.98  39.17  3.01 GHz
14:49:26   2.6   0.0   0.6  94.1   2.7    2  11900   6370    0    0    0 113.77   56.88   0.00  56.88  49.22  3.11 GHz
14:49:27   3.6   0.0   0.4  95.8   0.2    3   7710   4762    1    0    0 127.09   63.54   0.00  63.54  55.83  3.08 GHz
14:49:27   6.1   0.0   0.3  93.6   0.1    3   2590   2306    0    0    0 169.77   84.89   0.00  84.89  77.18  3.05 GHz
14:49:28   6.3   0.0   0.3  93.4   0.1    3   2586   2338    0    0    0 170.27   85.13   0.00  85.13  77.47  3.17 GHz
14:49:28   5.6   0.0   0.5  93.9   0.1    2   2554   2398    0    0    0 168.30   84.15   0.00  84.15  76.48  2.92 GHz
14:49:29   2.5   0.0   0.6  96.6   0.3    2  13902   7342    0    0    1 111.66   55.83   0.00  55.83  48.07  3.13 GHz
14:49:29   5.3   0.0   0.6  93.9   0.2    3   7630   4314    2    0    1 154.70   77.35   0.00  77.35  69.69  3.24 GHz
14:49:30   6.1   0.0   0.2  93.6   0.1    3   2500   2402    0    0    0 170.91   85.46   0.00  85.46  78.12  3.15 GHz
14:49:30   6.3   0.0   0.2  93.6   0.0    3   2498   2370    0    0    0 170.99   85.49   0.00  85.49  78.07  3.18 GHz
  Time    User  Nice   Sys  Idle    IO  Run Ctxt/s  IRQ/s Fork Exec Exit  Watts   pkg-0 uncore  pkg-0   core  CPU Freq
14:49:31   6.2   0.0   0.2  93.6   0.1    3   2476   2350    0    0    0 171.21   85.61   0.00  85.61  78.29  3.01 GHz
14:49:31   6.3   0.0   0.3  93.5   0.0    3   2508   2780    0    0    0 171.64   85.82   0.00  85.82  78.34  3.12 GHz
14:49:32   6.3   0.0   0.1  93.6   0.1    3   2594   2462    0    0    0 170.89   85.32   0.00  85.57  78.21  3.14 GHz
14:49:32   6.2   0.0   0.2  93.6   0.1    3   2472   2272    0    0    0 171.48   85.86   0.00  85.62  78.23  3.10 GHz
14:49:33   6.3   0.0   0.1  93.6   0.0    3   2498   2246    0    0    0 171.50   85.75   0.00  85.75  78.47  3.06 GHz
14:49:33   6.2   0.0   0.3  93.5   0.1    3   2498   2256    0    0    0 171.44   85.72   0.00  85.72  78.31  3.20 GHz
14:49:34   6.2   0.0   0.1  93.6   0.1    3   2398   2244    0    0    0 171.47   85.73   0.00  85.73  78.40  3.21 GHz
14:49:34   6.3   0.0   0.2  93.5   0.1    3   2570   2256    0    0    0 171.76   85.88   0.00  85.88  78.44  3.26 GHz
14:49:35   6.1   0.0   0.2  93.6   0.1    3   2504   2242    0    0    0 171.15   85.57   0.00  85.57  78.21  3.13 GHz
14:49:35   6.2   0.0   0.1  93.6   0.1    3   2508   2416    0    0    0 170.34   85.17   0.00  85.17  77.81  3.18 GHz
14:49:36   6.3   0.0   0.1  93.6   0.1    3   2572   2382    0    0    0 170.22   85.11   0.00  85.11  77.72  3.12 GHz
14:49:36   6.2   0.0   0.1  93.6   0.1    3   2464   2388    0    0    0 170.47   85.24   0.00  85.24  77.90  3.26 GHz
14:49:37   3.4   0.0   0.3  96.2   0.1    2   2522   2238    0    0    1 128.51   64.25   0.00  64.25  56.79  3.06 GHz
14:49:37   2.6   0.0   0.5  96.7   0.2    2  10846   5472    0    0    0 110.80   55.40   0.00  55.40  47.69  2.98 GHz
14:49:38   2.8   0.0   0.4  96.6   0.3    1   8656   5046    0    0    0 112.62   56.31   0.00  56.31  48.58  2.91 GHz
14:49:38   2.3   0.0   0.5  96.7   0.5    1  12978   7212    0    0    0 107.15   53.58   0.00  53.58  45.88  3.25 GHz
14:49:39   4.2   0.0   1.5  91.7   2.6    3 154002  64274    2    0    1 150.44   75.22   0.00  75.22  66.87  3.04 GHz
14:49:39   6.3   0.0   0.3  90.8   2.7    3   4754   3150    0    0    0 165.79   82.89   0.00  82.89  75.16  3.10 GHz
14:49:40   6.0   0.0   0.3  93.6   0.1    3   2528   2394    0    0    0 168.35   84.17   0.00  84.17  76.82  3.10 GHz
14:49:40   6.1   0.0   0.2  93.6   0.1    3   2490   2384    0    0    0 168.29   84.15   0.00  84.15  76.77  3.20 GHz
14:49:41   6.0   0.0   0.4  93.6   0.1    3   2532   2300    0    0    0 159.02   79.51   0.00  79.51  72.24  3.16 GHz
14:49:41   6.3   0.0   0.2  93.6   0.0    3   2476   2214    0    0    0 154.64   77.32   0.00  77.32  69.93  3.24 GHz
14:49:42   6.1   0.0   0.3  93.6   0.1    3   2586   2608    0    0    0 162.09   81.05   0.00  81.05  73.61  3.11 GHz
  Time    User  Nice   Sys  Idle    IO  Run Ctxt/s  IRQ/s Fork Exec Exit  Watts   pkg-0 uncore  pkg-0   core  CPU Freq
14:49:42   6.0   0.0   0.3  93.6   0.1    3   2494   2326    0    0    0 168.94   84.47   0.00  84.47  77.06  3.12 GHz
14:49:43   6.1   0.0   0.3  93.6   0.1    3   2404   2312    0    0    0 168.88   84.44   0.00  84.44  77.13  3.13 GHz
14:49:43   6.0   0.0   0.4  93.6   0.1    3   2560   2208    0    0    0 164.29   82.15   0.00  82.15  74.75  3.33 GHz
14:49:44   6.1   0.0   0.3  93.6   0.0    3   2568   2388    0    0    0 167.26   83.63   0.00  83.63  76.29  3.07 GHz
14:49:44   6.1   0.0   0.3  93.5   0.1    3   2468   2264    0    0    0 168.85   84.43   0.00  84.43  77.05  3.19 GHz
14:49:45   6.0   0.0   0.4  93.6   0.0    3   2632   2356    0    0    0 166.78   83.39   0.00  83.39  76.11  3.07 GHz
14:49:45   6.1   0.0   0.3  93.6   0.1    3   2504   2246    0    0    0 169.98   84.99   0.00  84.99  77.38  3.20 GHz
14:49:46   6.1   0.0   0.3  93.6   0.1    3   2384   2300    0    0    0 169.67   84.84   0.00  84.84  77.39  3.01 GHz
14:49:46   6.0   0.0   0.4  93.5   0.2    3   2512   2310    0    0    0 169.64   84.82   0.00  84.82  77.41  3.25 GHz
14:49:47   6.0   0.0   0.4  93.5   0.1    3   2456   2342    0    0    0 169.67   84.84   0.00  84.84  77.38  3.15 GHz
14:49:47   5.8   0.0   0.6  93.4   0.2    3   2474   2230    0    0    0 164.69   82.35   0.00  82.35  75.02  3.17 GHz
14:49:48   6.0   0.0   0.5  93.3   0.2    3   2670   2262    0    0    0 155.78   77.89   0.00  77.89  70.41  2.98 GHz
14:49:48   5.9   0.0   0.6  93.4   0.1    3   2542   2400    0    0    0 165.63   82.81   0.00  82.81  75.37  3.19 GHz
14:49:49   6.1   0.0   0.4  93.3   0.3    3   2464   2330    0    0    0 173.58   86.79   0.00  86.79  79.49  3.15 GHz
14:49:49   6.1   0.0   0.5  93.2   0.2    3   2512   2438    0    0    0 175.04   87.52   0.00  87.52  80.16  3.18 GHz
14:49:50   6.1   0.0   0.4  93.3   0.1    3   2396   2328    0    0    0 175.63   87.81   0.00  87.81  80.40  3.04 GHz
14:49:50   4.5   0.0   0.6  94.6   0.3    2   4548   2948    0    0    1 151.33   75.67   0.00  75.67  68.20  3.11 GHz
14:49:51   2.6   0.0   0.5  96.4   0.5    2   6794   4334    0    0    0 116.93   58.47   0.00  58.47  50.67  3.16 GHz
14:49:51   2.5   0.0   0.7  96.6   0.2    2   8424   5068    0    0    0 117.48   58.74   0.00  58.74  50.95  3.04 GHz
14:49:52   2.6   0.0   0.6  96.6   0.2    2   7860   4746    0    0    0 113.23   56.61   0.00  56.61  48.84  2.92 GHz
14:49:52   2.7   0.0   0.4  96.7   0.2    2   8256   4802    0    0    0 113.68   56.84   0.00  56.84  49.06  3.01 GHz
14:49:53   1.7   0.0   0.9  96.5   0.9    2  47152  21806    0    0    0 108.84   54.42   0.00  54.42  46.56  2.97 GHz
14:49:53   5.8   0.0   0.4  93.7   0.1    3   2856   2342    1    0    0 161.04   80.52   0.00  80.52  72.98  3.21 GHz
  Time    User  Nice   Sys  Idle    IO  Run Ctxt/s  IRQ/s Fork Exec Exit  Watts   pkg-0 uncore  pkg-0   core  CPU Freq
14:49:54   6.2   0.0   0.1  93.6   0.1    3   2470   2278    0    0    0 168.13   84.07   0.00  84.07  76.72  2.95 GHz
14:49:54   6.3   0.0   0.2  93.4   0.1    3   2464   2240    0    0    0 168.24   84.12   0.00  84.12  76.65  3.32 GHz
14:49:55   6.1   0.0   0.1  93.7   0.1    3   2450   2250    0    0    0 167.59   83.80   0.00  83.80  76.38  3.17 GHz
14:49:55   6.3   0.0   0.2  93.2   0.2    3   2556   2172    0    0    0 161.33   80.66   0.00  80.66  73.25  3.14 GHz
14:49:56   6.2   0.0   0.3  93.4   0.1    4   2526   2280    0    0    0 167.89   83.94   0.00  83.94  76.49  3.06 GHz
14:49:56   6.1   0.0   0.3  93.5   0.1    3   2468   2176    0    0    0 166.87   83.44   0.00  83.44  76.09  3.28 GHz
14:49:57   6.2   0.0   0.1  93.4   0.3    4   2482   2248    0    0    0 168.53   84.26   0.00  84.26  76.80  3.14 GHz
14:49:57   6.1   0.0   0.2  93.6   0.1    3   2494   2238    0    0    0 168.09   84.05   0.00  84.05  76.64  3.23 GHz
14:49:58   6.1   0.0   0.3  93.3   0.3    3   2416   2226    0    0    0 163.94   81.97   0.00  81.97  74.57  3.11 GHz
14:49:58   6.2   0.0   0.2  93.5   0.1    3   2532   2282    0    0    0 170.84   85.42   0.00  85.42  77.94  3.22 GHz
14:49:59   6.1   0.0   0.3  93.5   0.1    3   2936   2576    1    0    0 170.22   85.11   0.00  85.11  77.77  3.09 GHz
14:49:59   6.3   0.0   0.2  93.3   0.3    3   3570   3074    0    0    0 169.56   84.78   0.00  84.78  77.36  3.16 GHz
14:50:00   6.1   0.0   0.3  93.5   0.1    3   3620   3054    0    0    0 169.47   84.74   0.00  84.74  77.45  3.10 GHz
14:50:00   6.1   0.0   0.3  93.4   0.2    3   3516   3024    0    0    0 169.54   84.77   0.00  84.77  77.53  3.21 GHz
14:50:01   6.1   0.0   0.3  93.4   0.1    3   3434   2982    0    0    0 170.20   85.02   0.00  85.18  77.51  3.16 GHz
14:50:01   6.2   0.0   0.1  93.5   0.2    3   3542   3014    0    0    0 165.62   82.89   0.00  82.73  75.27  3.28 GHz
14:50:02   6.1   0.0   0.2  93.5   0.2    3   3436   2958    0    0    0 170.56   85.28   0.00  85.28  77.78  3.11 GHz
14:50:02   6.1   0.0   0.2  93.5   0.1    3   3478   3528    0    0    0 170.23   85.12   0.00  85.12  77.56  3.15 GHz
14:50:03   6.2   0.0   0.3  93.2   0.4    3   3524   3018    0    0    0 169.11   84.55   0.00  84.55  77.10  3.02 GHz
14:50:03   6.3   0.0   0.1  93.4   0.2    3   3292   2804    0    0    0 171.22   85.61   0.00  85.61  78.10  3.03 GHz
14:50:04   6.1   0.0   0.2  93.5   0.1    3   3194   2806    0    0    0 171.35   85.67   0.00  85.67  78.26  3.17 GHz
14:50:04   6.3   0.0   0.2  93.4   0.1    3   3112   2832    0    0    0 171.18   85.59   0.00  85.59  78.01  3.17 GHz
14:50:05   6.1   0.0   0.1  93.5   0.2    3   3178   2840    0    0    0 170.96   85.48   0.00  85.48  77.98  3.13 GHz
  Time    User  Nice   Sys  Idle    IO  Run Ctxt/s  IRQ/s Fork Exec Exit  Watts   pkg-0 uncore  pkg-0   core  CPU Freq
14:50:05   6.2   0.0   0.3  93.4   0.1    3   3256   2934    0    0    0 165.09   82.54   0.00  82.54  75.16  2.96 GHz
14:50:06   6.2   0.0   0.2  93.4   0.2    3   3098   2914    0    0    0 168.65   84.32   0.00  84.32  76.84  3.07 GHz
14:50:06   6.3   0.0   0.2  93.4   0.1    3   3142   2896    0    0    0 171.07   85.53   0.00  85.53  78.00  3.22 GHz
14:50:07   6.1   0.0   0.2  93.5   0.2    3   3108   2824    0    0    0 171.07   85.53   0.00  85.53  78.00  2.98 GHz
14:50:07   6.3   0.0   0.1  93.5   0.1    3   3162   2904    0    0    0 171.51   85.76   0.00  85.76  78.08  3.05 GHz
14:50:08   6.2   0.0   0.1  93.3   0.4    3   3176   2854    0    0    0 171.00   85.50   0.00  85.50  78.02  3.10 GHz
14:50:08   6.1   0.0   0.3  93.5   0.1    4   3208   2888    0    0    0 171.76   85.88   0.00  85.88  78.38  3.06 GHz
14:50:09   6.2   0.0   0.3  93.4   0.2    4   3148   2992    0    0    0 170.88   85.44   0.00  85.44  77.95  3.14 GHz
14:50:09   6.2   0.0   0.3  93.4   0.1    3   3200   3298    0    0    0 166.31   83.16   0.00  83.16  75.62  3.15 GHz
14:50:10   6.2   0.0   0.3  93.4   0.1    3   3140   3342    0    0    0 171.23   85.62   0.00  85.62  77.96  3.08 GHz
14:50:10   6.3   0.0   0.1  93.3   0.3    3   3150   3302    0    0    0 171.30   85.65   0.00  85.65  78.17  3.06 GHz
14:50:11   6.2   0.0   0.3  93.4   0.1    3   3180   3654    0    0    0 169.58   84.79   0.00  84.79  77.23  3.13 GHz
14:50:11   6.2   0.0   0.2  93.4   0.2    3   3206   2852    0    0    0 169.51   84.76   0.00  84.76  77.28  3.00 GHz
14:50:12   6.2   0.0   0.2  93.5   0.1    3   3232   3622    0    0    0 172.11   86.06   0.00  86.06  78.52  3.10 GHz
14:50:12   6.3   0.0   0.2  93.4   0.2    3   3136   2766    0    0    0 169.68   84.84   0.00  84.84  77.46  3.03 GHz
14:50:13   6.2   0.0   1.0  89.6   3.2    4   3494  11376    0    0    0 168.71   84.35   0.00  84.35  75.97  2.98 GHz
14:50:13   6.3   0.0   1.1  89.7   2.9    3   3672  12140    0    0    0 180.51   90.25   0.00  90.25  81.68  3.21 GHz
14:50:14   6.2   0.0   0.9  91.1   1.8    3   3260   9634    0    0    0 178.17   89.08   0.00  89.08  80.70  3.02 GHz
14:50:14   6.3   0.0   0.1  93.6   0.1    4   3168   2916    0    0    0 171.06   85.53   0.00  85.53  78.09  3.08 GHz
14:50:15   6.2   0.0   0.2  93.6   0.0    3   3136   2884    0    0    0 170.55   85.28   0.00  85.28  77.97  2.98 GHz
14:50:15   6.3   0.0   0.1  93.5   0.1    3   3186   2822    0    0    0 170.86   85.43   0.00  85.43  78.02  3.07 GHz
14:50:16   6.3   0.0   0.1  93.5   0.1    3   3180   2872    0    0    0 171.42   85.71   0.00  85.71  78.21  2.99 GHz
14:50:16   6.3   0.0   0.0  93.6   0.1    3   3104   2852    0    0    0 171.18   85.59   0.00  85.59  78.21  3.05 GHz
  Time    User  Nice   Sys  Idle    IO  Run Ctxt/s  IRQ/s Fork Exec Exit  Watts   pkg-0 uncore  pkg-0   core  CPU Freq
14:50:17   6.2   0.0   0.3  93.3   0.3    3   3136   2844    0    0    0 170.93   85.46   0.00  85.46  77.99  3.05 GHz
14:50:17   6.1   0.0   0.3  93.5   0.1    3   3112   2812    0    0    0 171.81   85.91   0.00  85.91  78.31  2.98 GHz
14:50:18   6.2   0.0   0.2  93.4   0.3    3   3186   2888    2    0    2 170.81   85.41   0.00  85.41  77.85  2.96 GHz
14:50:18   6.3   0.0   0.1  93.4   0.2    3   3234   2876    0    0    0 171.61   85.81   0.00  85.81  78.22  3.01 GHz
14:50:19   6.3   0.0   0.1  93.5   0.1    3   3114   2822    0    0    0 171.36   85.68   0.00  85.68  78.18  3.07 GHz
14:50:19   6.6   0.0   0.2  92.9   0.3    3   4194   3372    3    2    1 173.71   86.85   0.00  86.85  79.07  3.09 GHz
14:50:20   6.3   0.0   0.2  93.4   0.1    3   3178   2874    0    0    0 171.01   85.50   0.00  85.50  78.02  3.05 GHz
14:50:20   6.2   0.0   0.3  93.4   0.2    3   3234   2904    0    0    0 171.64   85.82   0.00  85.82  78.40  3.11 GHz
14:50:21   6.1   0.0   0.2  93.5   0.1    3   3724   2960    0    0    0 168.46   84.23   0.00  84.23  76.73  3.00 GHz
14:50:21   6.1   0.0   0.3  93.4   0.1    3   3178   2904    0    0    0 171.48   85.74   0.00  85.74  78.34  3.04 GHz
14:50:22   6.3   0.0   0.1  93.4   0.3    3   3130   2910    0    0    0 171.22   85.61   0.00  85.61  78.19  3.06 GHz
14:50:22   6.2   0.0   0.2  93.5   0.1    3   3134   2912    0    0    0 171.92   85.96   0.00  85.96  78.49  3.06 GHz
14:50:23   6.3   0.0   0.1  93.4   0.1    3   3128   2894    0    0    0 171.14   85.57   0.00  85.57  78.08  3.00 GHz
14:50:23   6.2   0.0   0.3  93.3   0.3    3   3226   2946    0    0    0 171.03   85.52   0.00  85.52  78.07  3.05 GHz
14:50:24   6.2   0.0   0.3  93.4   0.1    3   3188   2974    0    0    0 171.28   85.64   0.00  85.64  78.31  3.06 GHz
14:50:24   6.2   0.0   0.2  93.4   0.3    3   3288   2852    0    0    0 171.93   85.89   0.00  86.04  78.44  3.02 GHz
14:50:25   6.2   0.0   0.1  93.5   0.2    3   3222   2852    0    0    0 169.11   84.63   0.00  84.47  76.87  3.02 GHz
14:50:25   6.1   0.0   0.3  93.4   0.2    3   3230   2818    0    0    0 171.52   85.76   0.00  85.76  78.33  3.07 GHz
14:50:26   6.0   0.0   0.4  93.4   0.2    3   3128   2826    0    0    0 170.13   85.07   0.00  85.07  77.75  2.93 GHz
14:50:26   6.3   0.0   0.1  93.6   0.1    4   3108   2770    0    0    0 170.51   85.17   0.00  85.34  78.06  3.13 GHz
14:50:27   6.4   0.0   0.2  93.2   0.1    3   3122   2794    0    0    0 171.67   85.92   0.00  85.75  78.29  3.18 GHz
14:50:27   6.5   0.0   0.2  93.1   0.3    3   3208   2804    0    0    0 171.44   85.72   0.00  85.72  78.35  3.19 GHz
14:50:28   6.4   0.0   0.3  93.2   0.1    3   3262   3074    0    0    0 165.06   82.53   0.00  82.53  75.12  3.23 GHz
  Time    User  Nice   Sys  Idle    IO  Run Ctxt/s  IRQ/s Fork Exec Exit  Watts   pkg-0 uncore  pkg-0   core  CPU Freq
14:50:28   6.5   0.0   0.1  93.2   0.1    3   3192   2996    0    0    0 169.07   84.54   0.00  84.54  77.19  3.10 GHz
14:50:29   6.6   0.0   0.1  93.0   0.2    3   2682   2588    1    0    2 171.76   85.88   0.00  85.88  78.50  3.07 GHz
14:50:29   6.4   0.0   0.1  93.3   0.3    3   2292   2156    0    0    0 171.64   85.82   0.00  85.82  78.27  2.82 GHz
14:50:30   6.1   0.0   0.3  93.4   0.3    3   2114   2230    0    0    0 170.71   85.36   0.00  85.36  77.91  3.16 GHz
14:50:30   6.1   0.0   0.2  93.6   0.1    3   2078   2174    0    0    0 170.33   85.17   0.00  85.17  77.88  3.11 GHz
14:50:31   6.4   0.0   0.0  93.3   0.3    3   2104   2104    0    0    0 168.83   84.42   0.00  84.42  77.05  3.06 GHz
14:50:31   6.1   0.0   0.1  93.5   0.2    3   2096   2148    0    0    0 170.23   85.11   0.00  85.11  77.77  3.09 GHz
14:50:32   6.1   0.0   0.3  93.4   0.2    3   2510   2880    0    0   29 170.26   85.13   0.00  85.13  77.85  3.10 GHz
14:50:32   6.1   0.0   0.3  93.3   0.3    3   2172   2080    0    0    0 170.19   85.09   0.00  85.09  77.74  3.11 GHz
14:50:33   4.6   0.0   0.3  95.1   0.1    2   2112   2142    0    0    1 147.16   73.58   0.00  73.58  66.24  3.13 GHz
14:50:33   3.1   0.0   0.2  96.6   0.1    2   2228   2096    0    0    0 122.57   61.29   0.00  61.29  53.86  3.08 GHz
14:50:34   2.1   0.0   0.7  95.4   1.8    1  49632  23652    0    0    0 110.94   55.47   0.00  55.47  47.37  2.92 GHz
14:50:34   1.9   0.0   0.8  93.7   3.7    2  55084  26552    0    0    0  96.19   48.09   0.00  48.09  39.93  2.95 GHz
14:50:35   2.6   0.0   0.5  94.7   2.2    2   8542   4758    0    0    0 117.55   58.77   0.00  58.77  50.96  2.97 GHz
14:50:35   2.6   0.0   0.5  96.7   0.2    2   6104   3816    0    0    0 117.91   58.96   0.00  58.96  51.18  2.91 GHz
14:50:36   2.6   0.0   0.3  96.9   0.1    2   6658   4128    0    0    0 118.95   59.48   0.00  59.48  51.68  2.93 GHz
14:50:36   2.5   0.0   0.6  96.7   0.2    2   4830   3136    0    0    0 114.90   57.45   0.00  57.45  49.63  3.07 GHz
14:50:37   2.6   0.0   0.5  96.7   0.1    2   9120   4954    0    0    0 117.11   58.56   0.00  58.56  50.74  2.99 GHz
14:50:37   3.2   0.0   1.2  94.7   0.9    3  12502   8046    1    0    0 121.95   60.98   0.00  60.98  53.13  3.14 GHz
14:50:38   6.2   0.0   0.1  93.7   0.1    3   2444   2288    0    0    0 171.20   85.60   0.00  85.60  78.24  3.15 GHz
14:50:38   6.3   0.0   0.1  93.6   0.1    4   2470   2264    0    0    0 170.68   85.34   0.00  85.34  78.03  3.16 GHz
14:50:39   6.3   0.0   0.2  93.6   0.0    3   2566   2394    1    0    1 171.03   85.52   0.00  85.52  78.20  3.14 GHz
14:50:39   6.1   0.0   0.2  93.6   0.1    3   2554   2300    0    0    0 170.41   85.20   0.00  85.20  77.87  3.18 GHz
  Time    User  Nice   Sys  Idle    IO  Run Ctxt/s  IRQ/s Fork Exec Exit  Watts   pkg-0 uncore  pkg-0   core  CPU Freq
14:50:40   6.3   0.0   0.1  93.6   0.0    3   2544   2308    0    0    0 170.84   85.42   0.00  85.42  78.07  3.14 GHz
14:50:40   6.2   0.0   0.1  93.5   0.2    3   2552   2260    0    0    3 171.09   85.55   0.00  85.55  78.28  3.21 GHz
14:50:41   6.3   0.0   0.1  93.5   0.2    3   2480   2310    0    0    0 171.43   85.71   0.00  85.71  78.34  3.07 GHz
14:50:41   6.2   0.0   0.2  93.6   0.1    3   2440   2266    0    0    0 171.34   85.67   0.00  85.67  78.32  3.18 GHz
14:50:42   6.2   0.0   0.1  93.5   0.2    3   2430   2266    0    0    0 170.68   85.34   0.00  85.34  78.03  3.10 GHz
14:50:42   6.1   0.0   0.3  93.4   0.2    3   2518   2296    0    0    0 171.19   85.60   0.00  85.60  78.12  3.18 GHz
14:50:43   6.2   0.0   0.1  93.5   0.1    3   2444   2282    0    0    0 171.01   85.51   0.00  85.51  78.27  3.06 GHz
14:50:43   6.2   0.0   0.1  93.4   0.3    3   2538   2278    0    0    0 171.41   85.70   0.00  85.70  78.37  3.16 GHz
14:50:44   6.2   0.0   0.2  93.5   0.1    3   2554   2310    0    0    0 171.37   85.69   0.00  85.69  78.32  3.12 GHz
14:50:44   6.1   0.0   0.3  93.6   0.1    3   2380   2212    0    0    0 171.63   85.82   0.00  85.82  78.53  3.17 GHz
14:50:45   6.1   0.0   0.4  93.2   0.3    3   2526   3018    0    0    0 174.58   87.29   0.00  87.29  79.71  3.08 GHz
14:50:45   6.0   0.0   0.4  93.5   0.1    3   2552   2290    0    0    0 176.58   88.29   0.00  88.29  80.99  3.23 GHz
14:50:46   3.0   0.0   0.3  96.5   0.2    2   5540   3428    0    0    1 118.32   59.16   0.00  59.16  51.60  2.98 GHz
14:50:46   2.3   0.0   0.6  96.0   1.1    2  32024  16440    0    0    0 104.01   52.01   0.00  52.01  44.14  2.83 GHz
14:50:47   2.8   0.0   0.6  93.3   3.4    2  15846   8396    0    0    0 114.58   57.29   0.00  57.29  49.49  2.78 GHz
14:50:47   2.6   0.0   0.5  96.2   0.7    2   9264   5518    0    0    0 116.26   58.13   0.00  58.13  50.36  2.94 GHz
14:50:48   5.0   0.0   0.7  93.8   0.5    3  20406  10668    1    0    0 149.34   74.67   0.00  74.67  67.05  3.01 GHz
14:50:48   6.3   0.0   0.1  93.5   0.1    3   2498   2362    0    0    0 170.97   85.49   0.00  85.49  77.98  3.11 GHz
14:50:49   6.1   0.0   0.3  93.4   0.2    3   2466   2248    0    0    0 169.72   84.86   0.00  84.86  77.42  2.97 GHz
14:50:49   6.3   0.0   0.1  93.4   0.2    3   2838   2422    4    0    3 170.94   85.47   0.00  85.47  78.02  3.10 GHz
14:50:50   6.1   0.0   0.3  93.6   0.1    3   2438   2238    0    0    0 170.76   85.38   0.00  85.38  77.69  3.01 GHz
14:50:50   6.3   0.0   0.1  93.5   0.2    3   2580   2258    1    0    2 170.95   85.48   0.00  85.48  78.04  3.02 GHz
14:50:51   4.8   0.0   0.5  94.4   0.3    2   3174   2284    0    0    1 155.01   77.51   0.00  77.51  69.85  2.90 GHz
  Time    User  Nice   Sys  Idle    IO  Run Ctxt/s  IRQ/s Fork Exec Exit  Watts   pkg-0 uncore  pkg-0   core  CPU Freq
14:50:51   1.6   0.0   0.3  97.8   0.3    1  11266   5972    0    0    0  79.77   39.87   0.00  39.89  32.24  2.83 GHz
14:50:52   0.2   0.0   0.1  99.5   0.3    1   2584   1766    0    0    0  18.51    9.27   0.00   9.25   2.04  2.76 GHz
14:50:52   2.3   0.0   0.3  97.4   0.1    3   2494   2016    1    0    0  66.40   33.20   0.00  33.20  25.77  3.18 GHz
14:50:53   6.1   0.0   0.3  93.5   0.1    3   2432   2320    0    0    0 170.50   85.25   0.00  85.25  78.01  3.11 GHz
14:50:53   6.1   0.0   0.3  93.5   0.2    3   2508   2352    0    0    0 171.97   85.99   0.00  85.99  78.61  3.05 GHz
14:50:54   6.2   0.0   0.1  93.4   0.3    3   2430   2276    0    0    0 171.69   85.85   0.00  85.85  78.69  3.02 GHz
14:50:54   6.2   0.0   0.3  90.6   3.0    3  28580  12752    0    0    0 172.59   86.30   0.00  86.30  78.25  3.21 GHz
14:50:55   6.2   0.0   0.1  92.9   0.8    3   2974   2400    0    0    0 173.68   86.84   0.00  86.84  79.28  3.12 GHz
14:50:55   6.1   0.0   0.3  93.5   0.1    3   2480   2290    0    0    0 172.48   86.24   0.00  86.24  78.89  3.09 GHz
14:50:56   4.4   0.0   0.6  94.8   0.3    2   4058   2996    0    0    1 149.07   74.53   0.00  74.53  66.99  2.97 GHz
14:50:56   2.6   0.0   0.4  96.7   0.3    2  11060   5832    0    0    0 111.88   55.94   0.00  55.94  48.28  2.99 GHz
14:50:57   1.3   0.0   0.5  97.9   0.4    1  23942  11438    0    0    0  65.16   32.58   0.00  32.58  25.03  2.72 GHz
14:50:57   0.2   0.0   0.1  99.6   0.1    1   2432   1722    0    0    0  18.44    9.21   0.00   9.23   1.98  2.77 GHz
14:50:58   3.1   0.0   0.3  96.5   0.1    3   2430   1986    1    0    0  85.86   42.84   0.00  43.02  35.80  3.06 GHz
14:50:58   6.2   0.0   0.3  93.3   0.3    3   2584   2278    1    0    0 166.05   83.13   0.00  82.93  75.54  3.13 GHz
14:50:59   6.2   0.0   0.3  93.4   0.1    3   2964   2574    1    0    0 163.25   81.62   0.00  81.62  74.20  3.00 GHz
14:50:59   6.2   0.0   0.1  93.5   0.1    4   3606   3090    0    0    0 165.63   82.81   0.00  82.81  75.54  3.14 GHz
14:51:00   6.2   0.0   0.3  93.4   0.1    3   3582   3100    0    0    0 167.35   83.68   0.00  83.68  76.39  3.05 GHz
14:51:00   6.3   0.0   0.3  93.4   0.1    3   3468   3216    0    0    0 171.19   85.59   0.00  85.59  78.16  3.15 GHz
14:51:01   6.2   0.0   0.3  93.3   0.3    3   3504   3028    0    0    0 167.85   83.93   0.00  83.93  76.52  2.99 GHz
14:51:01   6.2   0.0   0.3  93.4   0.1    3   3540   3062    0    0    0 166.40   83.20   0.00  83.20  75.71  3.12 GHz
14:51:02   5.9   0.0   0.4  93.3   0.4    3   3416   2992    0    0    0 172.50   86.25   0.00  86.25  78.85  3.06 GHz
14:51:02   3.5   0.0   0.6  95.7   0.2    1   6676   4402    0    0    1 132.10   66.05   0.00  66.05  58.42  3.05 GHz
  Time    User  Nice   Sys  Idle    IO  Run Ctxt/s  IRQ/s Fork Exec Exit  Watts   pkg-0 uncore  pkg-0   core  CPU Freq
14:51:03   2.4   0.0   0.7  96.7   0.3    2   9420   5780    0    0    0 114.13   57.06   0.00  57.06  49.26  2.89 GHz
14:51:03   3.4   0.0   0.9  95.0   0.8    3  28064  14572    1    0    0 127.40   63.70   0.00  63.70  55.92  3.06 GHz
14:51:04   6.3   0.0   0.2  93.3   0.2    3   3624   3162    0    0    0 166.00   83.00   0.00  83.00  75.51  3.10 GHz
14:51:04   6.5   0.0   0.1  93.2   0.2    4   3528   3100    0    0    0 171.06   85.53   0.00  85.53  77.99  3.18 GHz
14:51:05   6.6   0.0   0.2  93.0   0.1    3   3432   2952    0    0    0 172.10   86.05   0.00  86.05  78.62  2.98 GHz
14:51:05   6.3   0.0   0.1  93.5   0.1    3   3516   3040    0    0    0 167.44   83.72   0.00  83.72  76.10  3.12 GHz
14:51:06   6.3   0.0   0.3  93.3   0.1    3   3480   2944    0    0    1 165.68   82.84   0.00  82.84  75.38  3.03 GHz
14:51:06   6.1   0.0   0.2  93.5   0.3    3   3612   3084    0    0    0 169.97   84.99   0.00  84.99  77.51  3.14 GHz
14:51:07   6.2   0.0   0.3  93.4   0.1    4   3488   2980    0    0    0 169.97   84.98   0.00  84.98  77.31  3.06 GHz
14:51:07   6.2   0.0   0.2  93.5   0.1    3   3582   3034    0    0    0 170.31   85.15   0.00  85.15  77.74  3.18 GHz
14:51:08   6.2   0.0   0.3  93.3   0.2    3   3586   3190    0    0    0 170.63   85.31   0.00  85.31  77.83  3.14 GHz
14:51:08   6.3   0.0   0.3  93.4   0.1    3   3692   3258    0    0    0 169.88   84.94   0.00  84.94  77.29  3.29 GHz
14:51:09   6.3   0.0   0.3  93.2   0.3    3   3524   3148    0    0    0 169.05   84.52   0.00  84.52  77.07  3.14 GHz
14:51:09   6.3   0.0   0.3  93.1   0.3    3   3578   3204    0    0    0 171.28   85.64   0.00  85.64  78.10  3.09 GHz
14:51:10   6.3   0.0   0.2  93.4   0.2    3   3464   3150    0    0    0 170.60   85.30   0.00  85.30  77.61  3.25 GHz
14:51:10   6.4   0.0   0.2  93.2   0.2    3   3704   3118    0    0    0 170.94   85.47   0.00  85.47  77.99  3.15 GHz
14:51:11   6.3   0.0   0.2  93.3   0.3    3   3598   3146    0    0    1 170.47   85.24   0.00  85.24  77.68  3.17 GHz
14:51:11   6.3   0.0   0.2  93.4   0.2    3   3542   3016    0    0    0 171.12   85.56   0.00  85.56  77.90  3.19 GHz
14:51:12   6.3   0.0   0.2  93.4   0.1    3   3592   3220    0    0    0 170.15   85.08   0.00  85.08  77.51  3.13 GHz
14:51:12   6.3   0.0   0.1  93.3   0.3    3   3580   3188    0    0    0 170.90   85.45   0.00  85.45  77.81  3.20 GHz
14:51:13   6.3   0.0   0.3  93.3   0.2    3   3492   3160    0    0    0 170.75   85.38   0.00  85.38  77.73  3.05 GHz
14:51:13   6.2   0.0   0.3  93.2   0.3    3   3628   3208    0    0    0 170.35   85.17   0.00  85.17  77.67  3.04 GHz
14:51:14   6.3   0.0   0.1  93.3   0.3    3   3474   3106    0    0    0 170.33   85.17   0.00  85.17  77.65  3.11 GHz
  Time    User  Nice   Sys  Idle    IO  Run Ctxt/s  IRQ/s Fork Exec Exit  Watts   pkg-0 uncore  pkg-0   core  CPU Freq
14:51:14   6.3   0.0   0.2  93.5   0.1    4   3566   3044    0    0    0 171.03   85.51   0.00  85.51  77.91  3.07 GHz
14:51:15   6.1   0.0   0.3  93.3   0.3    3   3524   3080    0    0    0 170.76   85.38   0.00  85.38  77.82  3.04 GHz
14:51:15   6.4   0.0   0.1  93.3   0.2    3   3610   3110    0    0    0 170.92   85.46   0.00  85.46  77.92  3.16 GHz
14:51:16   6.1   0.0   0.3  93.4   0.2    3   3600   3104    0    0    0 167.84   83.92   0.00  83.92  76.39  3.05 GHz
14:51:16   6.3   0.0   0.2  93.3   0.2    3   3612   3210    0    0    0 164.93   82.46   0.00  82.46  74.76  3.06 GHz
14:51:17   6.2   0.0   0.3  93.4   0.2    3   3508   3106    0    0    0 168.78   84.39   0.00  84.39  76.73  3.14 GHz
14:51:17   6.2   0.0   0.3  93.2   0.3    3   3636   3078    0    0    0 167.93   83.96   0.00  83.96  76.44  3.19 GHz
14:51:18   6.2   0.0   0.4  93.1   0.3    3   3496   2916    0    0    0 171.35   85.68   0.00  85.68  78.14  3.05 GHz
14:51:18   6.3   0.0   0.3  93.2   0.3    3   3596   3070    0    0    0 173.35   86.67   0.00  86.67  78.96  3.04 GHz
14:51:19   6.0   0.0   0.3  93.5   0.2    3   3508   3088    0    0    0 171.89   85.94   0.00  85.94  78.52  3.09 GHz
14:51:19   6.2   0.0   0.3  93.4   0.1    3   3616   3056    0    0    0 173.58   86.79   0.00  86.79  79.16  3.10 GHz
14:51:20   6.1   0.0   0.3  93.5   0.1    3   3488   2966    0    0    0 173.47   86.74   0.00  86.74  79.12  3.06 GHz
14:51:20   2.9   0.0   0.5  96.4   0.3    2   5122   3594    0    0    1 121.88   60.94   0.00  60.94  53.24  3.02 GHz
14:51:21   2.8   0.0   0.6  96.2   0.5    2   8082   6418    0    0    0 119.83   59.92   0.00  59.92  51.96  2.95 GHz
14:51:21   2.8   0.0   0.4  96.6   0.1    2  11124   6108    0    0    0 118.35   59.18   0.00  59.18  51.35  3.02 GHz
14:51:22   2.6   0.0   0.5  96.6   0.3    1  20074  10718    0    0    0 118.70   59.35   0.00  59.35  51.51  2.92 GHz
14:51:22   5.2   0.0   0.7  93.9   0.2    4  17504   9392    1    0    0 156.18   78.09   0.00  78.09  70.61  3.13 GHz
14:51:23   6.2   0.0   0.1  93.4   0.3    3   3418   3028    0    0    0 173.31   86.66   0.00  86.66  79.26  3.02 GHz
14:51:23   6.2   0.0   0.3  93.4   0.1    3   3588   3066    0    0    0 173.99   86.99   0.00  86.99  79.60  3.07 GHz
14:51:24   6.2   0.0   0.2  93.5   0.1    3   3546   3078    0    0    0 173.70   86.85   0.00  86.85  79.40  3.04 GHz
14:51:24   6.3   0.0   0.1  93.4   0.2    4   3570   3082    0    0    0 170.65   85.33   0.00  85.33  77.93  3.15 GHz
14:51:25   6.3   0.0   0.2  93.5   0.1    3   3594   3110    0    0    0 173.82   86.91   0.00  86.91  79.53  3.06 GHz
14:51:25   6.2   0.0   0.3  93.2   0.2    3   3568   3064    0    0    0 173.43   86.71   0.00  86.71  79.32  3.20 GHz
  Time    User  Nice   Sys  Idle    IO  Run Ctxt/s  IRQ/s Fork Exec Exit  Watts   pkg-0 uncore  pkg-0   core  CPU Freq
14:51:26   6.3   0.0   0.3  92.6   0.8    3   3482   4858    0    0    0 173.66   86.83   0.00  86.83  79.11  3.12 GHz
14:51:26   6.3   0.0   0.2  93.4   0.2    3   3538   3064    0    0    0 173.20   86.60   0.00  86.60  79.47  3.16 GHz
14:51:27   6.3   0.0   0.2  93.3   0.2    3   3550   3046    0    0    0 173.56   86.78   0.00  86.78  79.29  2.91 GHz
14:51:27   6.3   0.0   0.3  93.4   0.1    3   3642   3068    0    0    0 173.89   86.95   0.00  86.95  79.36  3.12 GHz
14:51:28   6.2   0.0   0.2  93.5   0.1    3   3588   3148    0    0    0 173.60   86.80   0.00  86.80  79.49  3.03 GHz
14:51:28   6.2   0.0   0.3  93.3   0.3    3   3544   3114    0    0    0 174.30   87.15   0.00  87.15  79.78  3.15 GHz
14:51:29   6.3   0.0   0.2  93.4   0.1    3   3472   2920    0    0    0 160.30   80.15   0.00  80.15  72.76  3.03 GHz
14:51:29   6.3   0.0   0.1  93.4   0.1    3   3556   2900    0    0    0 160.70   80.35   0.00  80.35  73.08  3.09 GHz
14:51:30   5.9   0.0   0.4  93.4   0.3    3   3230   2986    0    0    0 175.61   87.80   0.00  87.80  80.43  3.05 GHz
14:51:30   3.4   0.0   0.6  95.8   0.2    2   8058   5060    0    0    1 129.22   64.61   0.00  64.61  56.95  2.87 GHz
14:51:31   2.4   0.0   0.7  96.4   0.6    2  11858   8346    0    0    0 109.54   54.77   0.00  54.77  46.81  2.93 GHz
14:51:31   0.7   0.0   1.1  93.7   4.4    1  43772  24388    0    0    0  61.62   30.81   0.00  30.81  22.43  2.91 GHz
14:51:32   2.3   0.0   0.5  93.8   3.5    3  51822  22190    0    0    0 111.45   55.72   0.00  55.72  47.86  2.84 GHz
14:51:32   4.1   0.0   0.6  94.4   0.9    3  18222  10052    1    0    0 138.46   69.23   0.00  69.23  61.56  3.10 GHz
14:51:33   6.2   0.0   0.1  93.6   0.1    3   3490   3032    0    0    0 169.19   84.59   0.00  84.59  77.30  3.00 GHz
14:51:33   6.3   0.0   0.1  93.5   0.1    3   3604   3036    0    0    0 171.83   85.91   0.00  85.91  78.49  3.05 GHz
14:51:34   6.2   0.0   0.1  93.6   0.1    3   3360   3034    0    0    0 171.64   85.82   0.00  85.82  78.51  3.11 GHz
14:51:34   6.3   0.0   0.1  93.5   0.2    3   3548   3070    0    0    0 172.05   86.02   0.00  86.02  78.63  2.98 GHz
14:51:35   6.3   0.0   0.1  93.4   0.2    3   3480   3020    0    0    0 172.04   86.02   0.00  86.02  78.61  2.99 GHz
14:51:35   6.3   0.0   0.1  93.4   0.1    3   3624   3040    0    0    0 169.18   84.59   0.00  84.59  77.30  3.07 GHz
14:51:36   6.1   0.0   0.3  93.5   0.1    3   3584   3130    0    0    0 167.20   83.60   0.00  83.60  76.05  3.00 GHz
14:51:36   6.4   0.0   0.1  93.4   0.1    3   3514   3072    0    0    0 172.45   86.22   0.00  86.22  78.81  3.14 GHz
14:51:37   6.2   0.0   0.3  93.3   0.3    3   3440   3000    0    0    0 170.78   85.39   0.00  85.39  78.07  3.05 GHz
  Time    User  Nice   Sys  Idle    IO  Run Ctxt/s  IRQ/s Fork Exec Exit  Watts   pkg-0 uncore  pkg-0   core  CPU Freq
14:51:37   6.1   0.0   0.3  93.3   0.3    3   3642   3114    0    0    0 170.32   85.16   0.00  85.16  77.72  3.18 GHz
14:51:38   6.2   0.0   0.3  93.4   0.1    3   3480   3094    0    0    0 172.44   86.22   0.00  86.22  78.88  2.99 GHz
14:51:38   6.2   0.0   0.2  93.4   0.2    3   3614   3120    0    0    0 173.17   86.59   0.00  86.59  79.18  3.11 GHz
14:51:39   6.0   0.0   0.4  93.4   0.2    3   3512   3046    0    0    0 171.55   85.78   0.00  85.78  78.26  3.08 GHz
14:51:39   5.9   0.0   0.6  93.4   0.1    2   3636   3100    0    0    1 170.22   85.11   0.00  85.11  77.77  2.86 GHz
14:51:40   2.5   0.0   0.6  96.7   0.3    2   8192   5208    0    0    0 118.31   59.16   0.00  59.16  51.16  2.95 GHz
14:51:40   2.8   0.0   0.6  96.5   0.2    2   8600   5400    0    0    0 116.95   58.47   0.00  58.47  50.65  2.97 GHz
14:51:41   2.9   0.0   0.7  96.2   0.2    2  10730   6104    0    0    0 119.25   59.62   0.00  59.62  51.79  2.88 GHz
14:51:41   3.9   0.0   0.8  94.6   0.7    3  37870  18856    1    0    0 138.40   69.20   0.00  69.20  61.39  3.04 GHz
14:51:42   6.1   0.0   0.4  93.4   0.1    3   3494   2960    0    0    0 161.15   80.57   0.00  80.57  73.41  3.04 GHz
14:51:42   6.2   0.0   0.2  93.4   0.3    3   3528   3050    0    0    0 171.87   85.94   0.00  85.94  78.36  3.15 GHz
14:51:43   6.3   0.0   0.1  93.5   0.1    3   3396   2988    0    0    0 173.23   86.62   0.00  86.62  79.17  2.90 GHz
14:51:43   6.3   0.0   0.3  93.4   0.1    3   3598   3042    0    0    0 173.17   86.58   0.00  86.58  79.26  3.00 GHz
14:51:44   6.2   0.0   0.2  93.4   0.3    3   3580   3074    0    0    0 172.95   86.47   0.00  86.47  78.96  3.03 GHz
14:51:44   6.2   0.0   0.2  93.5   0.1    4   3490   3040    0    0    0 173.90   86.95   0.00  86.95  79.53  3.13 GHz
14:51:45   6.1   0.0   0.2  93.5   0.2    3   3484   2970    0    0    0 173.39   86.69   0.00  86.69  79.35  2.98 GHz
14:51:45   6.3   0.0   0.3  91.3   2.2    4  41318  20690    0    0    0 174.56   87.28   0.00  87.28  79.46  2.78 GHz
14:51:46   6.3   0.0   0.2  91.5   2.0    3   5066   3768    0    0    0 172.01   86.00   0.00  86.00  78.43  2.96 GHz
14:51:46   6.3   0.0   0.2  93.4   0.1    3   3506   3078    0    0    0 172.28   86.05   0.00  86.23  78.70  3.09 GHz
14:51:47   6.3   0.0   0.1  93.3   0.3    3   3460   3048    0    0    0 172.34   86.16   0.00  86.18  78.78  3.16 GHz
14:51:47   6.4   0.0   0.2  93.3   0.1    3   3642   3112    0    0    0 172.22   86.21   0.00  86.01  78.63  3.09 GHz
14:51:48   6.1   0.0   0.3  93.4   0.1    3   3586   3118    0    0    0 171.93   85.97   0.00  85.97  78.65  3.08 GHz
14:51:48   6.3   0.0   0.1  93.4   0.2    3   3582   3152    0    0    0 172.69   86.35   0.00  86.35  78.91  3.08 GHz
  Time    User  Nice   Sys  Idle    IO  Run Ctxt/s  IRQ/s Fork Exec Exit  Watts   pkg-0 uncore  pkg-0   core  CPU Freq
14:51:49   6.2   0.0   0.2  93.4   0.2    3   3452   3062    0    0    0 168.32   84.08   0.00  84.24  76.86  3.07 GHz
14:51:49   6.3   0.0   0.2  93.4   0.2    3   3620   3134    0    0    0 169.65   84.91   0.00  84.74  77.40  3.09 GHz
14:51:50   6.1   0.0   0.4  93.4   0.1    3   3448   3072    0    0    0 172.59   86.29   0.00  86.29  78.84  3.04 GHz
14:51:50   6.0   0.0   0.4  93.4   0.1    3   3562   3102    0    0    0 174.44   87.22   0.00  87.22  79.89  3.11 GHz
14:51:51   6.1   0.0   0.3  93.2   0.3    3   3580   2980    0    0    0 172.92   86.46   0.00  86.46  78.98  3.00 GHz
14:51:51   3.4   0.0   0.6  95.9   0.1    2   5828   3594    0    0    1 128.74   64.37   0.00  64.37  56.79  3.05 GHz
14:51:52   2.6   0.0   0.4  96.7   0.3    2  12264   6950    0    0    0 114.46   57.23   0.00  57.23  49.38  2.87 GHz
14:51:52   2.8   0.0   0.3  96.4   0.6    2  10888   6160    0    0    0 116.40   58.20   0.00  58.20  50.34  2.97 GHz
14:51:53   2.5   0.0   0.7  96.6   0.2    2  11940   6570    0    0    0 117.59   58.79   0.00  58.79  50.92  3.01 GHz
14:51:53   2.2   0.0   1.1  95.9   0.9    3  47504  21692    1    0    0 116.06   58.03   0.00  58.03  50.06  2.89 GHz
14:51:54   6.1   0.0   0.4  93.4   0.2    3   3662   3146    0    0    0 165.09   82.54   0.00  82.54  74.90  3.04 GHz
14:51:54   6.3   0.0   0.3  93.2   0.2    3   3584   3048    0    0    0 170.12   85.06   0.00  85.06  77.51  3.16 GHz
14:51:55   6.3   0.0   0.2  93.4   0.1    3   3556   3036    0    0    0 169.61   84.80   0.00  84.80  77.17  3.00 GHz
14:51:55   6.1   0.0   0.3  93.5   0.1    3   3652   3050    0    0    0 170.30   85.15   0.00  85.15  77.59  3.13 GHz
14:51:56   5.9   0.0   0.5  93.4   0.3    3   3682   3070    0    0    0 172.82   86.41   0.00  86.41  78.83  2.96 GHz
14:51:56   2.5   0.0   0.7  96.4   0.4    2  16324   8750    0    0    1 116.19   58.09   0.00  58.09  50.24  2.86 GHz
14:51:57   1.5   0.0   1.2  94.5   2.8    2  70880  31110    0    0    0 103.40   51.70   0.00  51.70  43.45  2.99 GHz
14:51:57   0.4   0.0   0.4  96.9   2.3    1  12310   6412    0    0    0  29.94   14.97   0.00  14.97   7.33  2.72 GHz
14:51:58   0.3   0.0   0.4  99.2   0.1    1   3422   2370    0    0    0  18.80    9.40   0.00   9.40   2.19  2.84 GHz
14:51:58   5.1   0.0   0.8  93.9   0.3    3   3682   3058    1    0    1 146.96   73.48   0.00  73.48  65.76  3.23 GHz
14:51:59   6.3   0.0   0.8  92.9   0.1    3   3532   3086    3    0    4 177.98   88.99   0.00  88.99  81.09  2.72 GHz
14:51:59   5.8   0.0   0.6  93.4   0.3    3   2588   2398    0    0    0 177.15   88.58   0.00  88.58  80.88  3.09 GHz
14:52:00   5.8   0.0   0.6  93.5   0.1    3   2516   2376    0    0    0 177.75   88.87   0.00  88.87  81.15  3.08 GHz
  Time    User  Nice   Sys  Idle    IO  Run Ctxt/s  IRQ/s Fork Exec Exit  Watts   pkg-0 uncore  pkg-0   core  CPU Freq
14:52:00   5.8   0.0   0.6  93.5   0.1    3   2468   2344    0    0    0 177.25   88.63   0.00  88.63  80.92  3.11 GHz
14:52:01   5.9   0.0   0.6  93.4   0.2    3   2416   2326    0    0    0 177.31   88.56   0.00  88.75  81.01  3.08 GHz
14:52:01   5.9   0.0   0.4  93.5   0.1    3   2562   2624    0    0    0 178.41   89.30   0.00  89.11  81.40  3.15 GHz
14:52:02   4.8   0.0   0.7  94.4   0.1    2   4098   3034    0    0    1 159.97   79.99   0.00  79.99  72.19  2.90 GHz
14:52:02   2.6   0.0   0.5  96.6   0.3    2   8602   5032    0    0    0 118.85   59.42   0.00  59.42  51.50  2.94 GHz
14:52:03   2.5   0.0   0.6  96.7   0.2    2   7054   4542    0    0    0 118.76   59.32   0.00  59.44  51.57  3.03 GHz
14:52:03   0.7   0.0   0.7  98.2   0.4    1  25396  12420    0    0    0  52.65   26.39   0.00  26.27  18.68  2.65 GHz
14:52:04   0.1   0.0   0.2  99.6   0.2    1   2444   1664    0    0    0  18.54    9.27   0.00   9.27   2.00  2.89 GHz
14:52:04   3.9   0.0   0.3  95.7   0.1    3   2078   1816    1    0    1 112.19   56.10   0.00  56.10  48.73  3.13 GHz
14:52:05   6.1   0.0   0.3  93.4   0.2    3   1744   1762    0    0    0 171.60   85.80   0.00  85.80  78.32  3.05 GHz
14:52:05   6.3   0.0   0.1  93.5   0.1    3   1848   1852    0    0    0 171.63   85.81   0.00  85.81  78.35  3.15 GHz
14:52:06   6.1   0.0   0.2  93.5   0.2    3   1672   1766    0    0    0 171.45   85.72   0.00  85.72  78.24  3.10 GHz
14:52:06   6.2   0.0   0.2  93.4   0.2    3   1786   1780    0    0    0 171.21   85.60   0.00  85.60  78.34  3.20 GHz
14:52:07   6.0   0.0   0.3  93.7   0.1    3   1654   1716    0    0    0 172.01   86.01   0.00  86.01  78.34  3.10 GHz
14:52:07   6.2   0.0   0.2  93.4   0.3    3   1820   1742    0    0    0 171.52   85.76   0.00  85.76  78.38  3.07 GHz
14:52:08   6.1   0.0   0.3  93.6   0.1    3   1832   1770    0    0    0 172.15   86.07   0.00  86.07  78.61  3.12 GHz
14:52:08   6.1   0.0   0.3  93.4   0.2    3   1816   1776    0    0    0 171.88   85.94   0.00  85.94  78.55  3.19 GHz
14:52:09   6.2   0.0   0.2  93.4   0.2    3   1750   1758    0    0    0 172.20   86.10   0.00  86.10  78.64  3.12 GHz
14:52:09   6.1   0.0   0.3  93.5   0.1    3   1788   1802    0    0    0 172.66   86.33   0.00  86.33  78.72  3.19 GHz
14:52:10   6.1   0.0   0.3  93.4   0.2    3   1612   1720    0    0    0 172.27   86.13   0.00  86.13  78.76  3.04 GHz
14:52:10   6.1   0.0   0.3  93.4   0.2    3   1802   1800    0    0    0 172.61   86.30   0.00  86.30  78.81  3.14 GHz
14:52:11   6.1   0.0   0.2  93.6   0.1    3   1692   1724    0    0    0 173.12   86.56   0.00  86.56  79.09  3.11 GHz
14:52:11   6.0   0.0   0.3  93.5   0.2    3   1800   1762    0    0    0 172.27   86.13   0.00  86.13  78.73  3.20 GHz
  Time    User  Nice   Sys  Idle    IO  Run Ctxt/s  IRQ/s Fork Exec Exit  Watts   pkg-0 uncore  pkg-0   core  CPU Freq
14:52:12   6.1   0.0   0.2  93.5   0.2    4   1818   1880    0    0    0 173.00   86.50   0.00  86.50  78.98  3.13 GHz
14:52:12   5.9   0.0   0.4  93.6   0.1    3   1792   1784    0    0    0 174.16   87.08   0.00  87.08  79.83  3.26 GHz
14:52:13   5.9   0.0   0.4  93.5   0.3    3   1660   1744    0    0    0 177.89   88.94   0.00  88.94  81.34  3.10 GHz
14:52:13   6.0   0.0   0.3  93.4   0.3    3   1830   1762    0    0    0 174.62   87.31   0.00  87.31  79.84  3.15 GHz
14:52:14   3.3   0.0   0.5  95.9   0.3    2   5550   3540    0    0    1 129.80   64.90   0.00  64.90  57.21  3.04 GHz
14:52:14   2.5   0.0   0.6  96.7   0.2    1   6698   3986    0    0    0 118.75   59.37   0.00  59.37  51.53  3.00 GHz
14:52:15   2.2   0.0   0.5  96.6   0.6    2  11562   6176    0    0    0 104.71   52.36   0.00  52.36  44.56  3.09 GHz
14:52:15   1.8   0.0   1.0  94.6   2.6    1  39428  21034    0    0    0  93.46   46.73   0.00  46.73  38.70  2.97 GHz
14:52:16   2.7   0.0   0.4  94.1   2.8    2   9978   4942    0    0    0 117.19   58.60   0.00  58.60  50.76  3.02 GHz
14:52:16   0.3   0.0   0.6  98.9   0.3    2  11542   5708    0    0    0  38.50   19.24   0.00  19.26  11.90  2.89 GHz
14:52:17   0.1   0.0   0.1  99.5   0.3    2   1654   1040    0    0    0  16.93    8.48   0.00   8.46   1.65  2.94 GHz
14:52:17   4.6   0.0   0.3  95.0   0.1    3   1818   1588    1    0    0 130.48   65.24   0.00  65.24  57.82  3.20 GHz
14:52:18   6.3   0.0   0.1  93.5   0.1    3   1676   1752    0    0    0 172.10   86.05   0.00  86.05  78.64  2.97 GHz
14:52:18   6.2   0.0   0.2  93.3   0.2    3   1784   1736    0    0    0 171.83   85.91   0.00  85.91  78.44  3.06 GHz
14:52:19   6.2   0.0   0.1  93.6   0.1    3   1704   1716    0    0    0 172.01   86.01   0.00  86.01  78.46  3.12 GHz
14:52:19   6.3   0.0   0.2  93.3   0.2    3   1796   1760    0    0    0 172.98   86.49   0.00  86.49  79.10  3.18 GHz
14:52:20   6.1   0.0   0.3  93.5   0.1    3   1772   1830    0    0    0 172.06   86.03   0.00  86.03  78.54  3.12 GHz
14:52:20   6.0   0.0   0.4  93.4   0.2    3   1716   1760    0    0    0 171.85   85.92   0.00  85.92  78.53  3.25 GHz
14:52:21   6.3   0.0   0.1  93.4   0.2    3   1716   1760    0    0    0 172.94   86.47   0.00  86.47  79.05  3.10 GHz
14:52:21   6.1   0.0   0.3  93.4   0.2    3   1732   1748    0    0    0 172.01   86.01   0.00  86.01  78.35  3.20 GHz
14:52:22   6.2   0.0   0.2  93.4   0.1    3   2272   1766    0    0    0 171.95   85.98   0.00  85.98  78.52  3.10 GHz
14:52:22   6.3   0.0   0.1  93.5   0.1    3   1784   1816    0    0    0 173.41   86.71   0.00  86.71  79.22  3.05 GHz
14:52:23   6.1   0.0   0.3  93.5   0.1    3   1684   1754    0    0    0 171.91   85.96   0.00  85.96  78.48  3.11 GHz
  Time    User  Nice   Sys  Idle    IO  Run Ctxt/s  IRQ/s Fork Exec Exit  Watts   pkg-0 uncore  pkg-0   core  CPU Freq
14:52:23   6.1   0.0   0.3  93.4   0.2    3   1770   1766    0    0    0 172.22   86.11   0.00  86.11  78.64  3.14 GHz
14:52:24   6.2   0.0   0.4  91.2   2.2    3  25428  12786    0    0    0 173.89   86.95   0.00  86.95  79.16  2.94 GHz
14:52:24   6.0   0.0   0.3  92.1   1.6    3   2930   2200    0    0    0 172.84   86.42   0.00  86.42  78.67  3.14 GHz
14:52:25   6.0   0.0   0.4  93.4   0.2    3   1360   1568    0    0    0 172.23   86.11   0.00  86.11  78.70  3.09 GHz
14:52:25   6.2   0.0   0.2  93.5   0.1    3   1338   1580    0    0    0 173.38   86.69   0.00  86.69  79.24  3.10 GHz
14:52:26   6.1   0.0   0.2  93.6   0.1    3   1244   1530    0    0    0 172.26   86.13   0.00  86.13  78.74  3.09 GHz
14:52:26   6.1   0.0   0.3  93.4   0.3    3   1330   1576    0    0    0 172.33   86.17   0.00  86.17  78.72  3.11 GHz
14:52:27   6.2   0.0   0.1  93.5   0.1    3   1272   1520    0    0    0 173.22   86.61   0.00  86.61  79.17  3.10 GHz
14:52:27   6.3   0.0   0.1  93.6   0.1    3   1364   1604    0    0    0 172.34   86.17   0.00  86.17  78.77  3.08 GHz
14:52:28   6.1   0.0   0.3  93.3   0.2    3   1404   1608    0    0    0 172.42   86.21   0.00  86.21  78.73  3.10 GHz
14:52:28   6.2   0.0   0.2  93.5   0.1    3   1388   1582    0    0    0 173.58   86.79   0.00  86.79  79.39  3.11 GHz
14:52:29   6.2   0.0   0.2  93.4   0.2    3   1320   1550    0    0    0 171.98   85.99   0.00  85.99  78.60  3.17 GHz
14:52:29   6.1   0.0   0.4  93.3   0.2    4   1402   1642    0    0    0 172.81   86.41   0.00  86.41  78.87  3.10 GHz
14:52:30   6.2   0.0   0.2  93.4   0.2    4   1266   1546    0    0    0 173.47   86.74   0.00  86.74  79.35  3.10 GHz
14:52:30   6.1   0.0   0.2  93.5   0.3    3   1336   1588    0    0    0 172.57   86.28   0.00  86.28  78.91  3.10 GHz
14:52:31   6.1   0.0   0.2  93.6   0.1    3   1272   1536    0    0    0 172.41   86.21   0.00  86.21  78.77  3.10 GHz
14:52:31   6.2   0.0   0.1  93.4   0.3    3   1380   1576    0    0    0 173.69   86.76   0.00  86.94  79.52  3.11 GHz
14:52:32   6.1   0.0   0.3  93.5   0.1    3   1356   1586    0    0    0 173.09   86.63   0.00  86.46  78.99  3.11 GHz
14:52:32   6.2   0.0   0.2  93.4   0.2    3   1296   1582    0    0    0 172.59   86.29   0.00  86.29  78.92  3.12 GHz
14:52:33   6.1   0.0   0.3  93.4   0.3    3   1296   1524    0    0    0 173.15   86.58   0.00  86.58  79.16  3.10 GHz
14:52:33   6.2   0.0   0.1  93.5   0.2    3   1354   1572    0    0    0 172.76   86.38   0.00  86.38  78.92  3.10 GHz
14:52:34   6.3   0.0   0.1  93.5   0.1    3   1252   1526    0    0    0 172.59   86.30   0.00  86.30  78.93  3.10 GHz
14:52:34   6.2   0.0   0.2  93.3   0.2    3   1352   1614    0    0    0 173.28   86.64   0.00  86.64  79.19  3.03 GHz
  Time    User  Nice   Sys  Idle    IO  Run Ctxt/s  IRQ/s Fork Exec Exit  Watts   pkg-0 uncore  pkg-0   core  CPU Freq
14:52:35   6.1   0.0   0.2  93.6   0.1    3   1290   1536    0    0    0 173.07   86.54   0.00  86.54  79.10  3.11 GHz
14:52:35   6.1   0.0   0.2  93.5   0.2    3   1374   1566    0    0    0 172.43   86.21   0.00  86.21  78.85  3.10 GHz
14:52:36   6.2   0.0   0.2  93.4   0.2    3   1378   1582    0    0    0 173.28   86.64   0.00  86.64  79.18  3.11 GHz
14:52:36   6.2   0.0   0.2  93.5   0.1    3   1320   1602    0    0    0 173.09   86.54   0.00  86.54  79.15  3.10 GHz
14:52:37   6.1   0.0   0.3  93.4   0.2    3   1288   1522    0    0    0 172.68   86.34   0.00  86.34  78.95  3.12 GHz
14:52:37   6.1   0.0   0.3  93.4   0.2    3   1360   1592    0    0    0 174.73   87.37   0.00  87.37  79.85  3.12 GHz
14:52:38   6.3   0.0   0.1  93.6   0.1    3   1274   1562    0    0    0 174.63   87.32   0.00  87.32  79.98  3.11 GHz
14:52:38   6.2   0.0   0.1  93.5   0.2    3   1342   1638    0    0    0 173.89   86.94   0.00  86.94  79.57  3.06 GHz
14:52:39   6.1   0.0   0.3  93.5   0.1    3   1402   1592    0    0    0 173.80   86.90   0.00  86.90  79.45  3.10 GHz
14:52:39   6.1   0.0   0.1  93.4   0.4    3   1374   1556    0    0    0 169.89   84.95   0.00  84.95  77.56  3.10 GHz
14:52:40   6.3   0.0   0.1  93.4   0.2    3   1370   1616    0    0    0 173.95   86.97   0.00  86.97  79.56  3.11 GHz
14:52:40   6.2   0.0   0.1  93.6   0.1    3   1346   1628    0    0    0 173.82   86.91   0.00  86.91  79.51  3.10 GHz
14:52:41   6.2   0.0   0.2  93.3   0.2    3   1268   1544    0    0    0 173.82   86.91   0.00  86.91  79.58  3.05 GHz
14:52:41   6.1   0.0   0.2  93.6   0.1    3   1328   1580    0    0    0 173.72   86.86   0.00  86.86  79.41  3.09 GHz
14:52:42   6.1   0.0   0.2  93.5   0.1    3   1240   1520    0    0    0 174.05   87.02   0.00  87.02  79.57  3.10 GHz
14:52:42   6.2   0.0   0.2  93.4   0.2    3   1346   1518    0    0    0 174.66   87.23   0.00  87.43  79.99  3.17 GHz
14:52:43   6.2   0.0   0.2  93.5   0.1    3   1268   1556    0    0    0 174.49   87.34   0.00  87.15  79.69  3.11 GHz
14:52:43   6.2   0.0   0.1  93.5   0.2    3   1392   1566    0    0    0 174.39   87.19   0.00  87.19  79.84  3.03 GHz
14:52:44   6.2   0.0   0.2  93.4   0.2    3   1392   1640    0    0    0 174.81   87.40   0.00  87.40  79.95  3.11 GHz
14:52:44   3.1   0.0   0.3  96.4   0.2    2   2522   1960    0    0    1 124.39   62.20   0.00  62.20  54.47  3.03 GHz
14:52:45   2.7   0.0   0.3  96.8   0.2    2   5028   3260    0    0    0 118.61   59.31   0.00  59.31  51.49  2.88 GHz
14:52:45   2.5   0.0   0.4  96.9   0.1    2   4780   3088    0    0    0 118.51   59.25   0.00  59.25  51.41  3.03 GHz
14:52:46   2.7   0.0   0.4  96.6   0.2    2   5128   3342    0    0    0 117.84   58.92   0.00  58.92  50.99  2.95 GHz
  Time    User  Nice   Sys  Idle    IO  Run Ctxt/s  IRQ/s Fork Exec Exit  Watts   pkg-0 uncore  pkg-0   core  CPU Freq
14:52:46   2.6   0.0   0.3  96.9   0.2    2   7216   4142    0    0    0 118.84   59.42   0.00  59.42  51.47  2.90 GHz
14:52:47   2.6   0.0   0.4  96.9   0.1    2   5492   3324    0    0    0 119.85   59.92   0.00  59.92  52.11  2.97 GHz
14:52:47   2.5   0.0   0.4  96.7   0.3    2   5718   3378    0    0    0 115.43   57.71   0.00  57.71  49.95  2.99 GHz
14:52:48   1.8   0.0   1.4  91.5   5.4    1   5140  10224    0    0    0  94.27   47.14   0.00  47.14  38.79  2.98 GHz
14:52:48   2.5   0.0   0.7  96.3   0.5    2   4942   4208    0    0    0 109.14   54.46   0.00  54.68  46.75  2.88 GHz
14:52:49   1.4   0.0   1.3  96.4   0.9    3  19190  11810    1    0    0  90.49   45.36   0.00  45.14  37.23  3.18 GHz
14:52:49   6.0   0.0   0.4  93.6   0.0    3   2024   1850    0    0    0 167.29   83.65   0.00  83.65  76.08  3.06 GHz
14:52:50   6.3   0.0   0.1  93.4   0.2    3   1668   1756    0    0    0 171.62   85.81   0.00  85.81  78.25  3.11 GHz
14:52:50   6.3   0.0   0.2  93.4   0.1    3   1742   1778    0    0    0 170.89   85.45   0.00  85.45  78.01  3.20 GHz
14:52:51   6.2   0.0   0.2  93.4   0.2    3   1724   1730    0    0    0 170.48   85.24   0.00  85.24  77.71  3.11 GHz
14:52:51   6.3   0.0   0.1  93.4   0.1    3   1800   1688    0    0    0 171.02   85.51   0.00  85.51  77.94  3.14 GHz
14:52:52   6.3   0.0   0.1  93.4   0.2    3   2332   1840    0    0    0 170.76   85.38   0.00  85.38  77.96  3.07 GHz
14:52:52   6.1   0.0   0.4  91.9   1.6    3  22302  11592    0    0    0 173.68   86.84   0.00  86.84  78.89  3.08 GHz
14:52:53   4.6   0.0   0.3  93.3   1.8    2   3438   2192    0    0    1 147.07   73.54   0.00  73.54  65.74  2.96 GHz
14:52:53   3.5   0.0   0.5  95.7   0.3    3  10952   5906    1    0    0 129.27   64.63   0.00  64.63  56.87  3.11 GHz
14:52:54   6.3   0.0   0.1  93.6   0.1    3   1684   1768    0    0    0 172.28   86.14   0.00  86.14  78.66  3.08 GHz
14:52:54   6.3   0.0   0.1  93.5   0.2    3   1700   1760    0    0    0 173.11   86.56   0.00  86.56  79.05  3.21 GHz
14:52:55   6.3   0.0   0.2  93.4   0.1    3   1600   1726    0    0    0 172.59   86.30   0.00  86.30  78.74  3.07 GHz
14:52:55   6.2   0.0   0.2  93.4   0.2    3   1756   1728    0    0    0 172.94   86.47   0.00  86.47  78.85  3.14 GHz
14:52:56   6.3   0.0   0.2  93.4   0.1    3   1764   1808    0    0    0 173.15   86.58   0.00  86.58  78.96  3.11 GHz
14:52:56   6.1   0.0   0.3  93.4   0.2    3   1696   1752    0    0    0 172.84   86.42   0.00  86.42  78.79  3.15 GHz
14:52:57   6.2   0.0   0.2  93.4   0.2    3   1868   1848    0    0    0 170.98   85.49   0.00  85.49  77.81  3.18 GHz
14:52:57   6.2   0.0   0.3  93.4   0.1    3   1736   1776    0    0    0 172.83   86.41   0.00  86.41  78.99  3.19 GHz
  Time    User  Nice   Sys  Idle    IO  Run Ctxt/s  IRQ/s Fork Exec Exit  Watts   pkg-0 uncore  pkg-0   core  CPU Freq
14:52:58   6.2   0.0   0.2  93.3   0.2    3   1624   1742    0    0    0 172.64   86.32   0.00  86.32  78.78  3.12 GHz
14:52:58   6.3   0.0   0.2  93.4   0.1    3   1728   1750    0    0    0 173.31   86.65   0.00  86.65  79.13  3.20 GHz
14:52:59   5.9   0.0   0.5  93.4   0.1    3   1804   1812    1    0    1 174.15   87.07   0.00  87.07  79.64  2.83 GHz
14:52:59   4.3   0.0   0.4  95.2   0.2    2   2912   2246    0    0    1 142.69   71.35   0.00  71.35  63.65  3.06 GHz
14:53:00   2.3   0.0   0.6  96.7   0.4    3  16910   8832    1    0    0 113.92   56.87   0.00  57.05  49.22  3.16 GHz
14:53:00   6.2   0.0   0.3  93.4   0.1    3   2038   1892    0    0    0 170.20   85.19   0.00  85.01  77.48  3.18 GHz
14:53:01   6.2   0.0   0.2  93.5   0.1    3   1628   1690    0    0    0 172.22   86.11   0.00  86.11  78.57  3.04 GHz
14:53:01   6.3   0.0   0.2  93.3   0.2    3   1760   1786    0    0    0 172.72   86.36   0.00  86.36  78.97  3.20 GHz
14:53:02   6.3   0.0   0.1  93.5   0.1    4   1658   1816    0    0    0 172.26   86.13   0.00  86.13  78.54  3.10 GHz
14:53:02   6.2   0.0   0.1  93.5   0.2    3   1714   1774    0    0    0 172.62   86.31   0.00  86.31  78.72  3.18 GHz
14:53:03   6.2   0.0   0.2  93.4   0.1    3   1648   1740    0    0    0 172.53   86.27   0.00  86.27  78.75  3.10 GHz
14:53:03   6.2   0.0   0.2  93.3   0.2    3   1808   1808    0    0    0 172.97   86.49   0.00  86.49  78.84  3.18 GHz
14:53:04   6.3   0.0   0.1  93.5   0.1    3   1732   1802    0    0    0 172.13   86.06   0.00  86.06  78.52  3.07 GHz
14:53:04   6.2   0.0   0.1  93.6   0.1    3   1674   1746    0    0    0 172.57   86.28   0.00  86.28  78.77  3.18 GHz
14:53:05   6.2   0.0   0.2  93.2   0.3    3   1732   1782    0    0    0 172.61   86.31   0.00  86.31  78.81  3.09 GHz
14:53:05   6.2   0.0   0.2  93.4   0.1    3   1716   1758    0    0    0 172.67   86.33   0.00  86.33  78.77  3.20 GHz
14:53:06   6.3   0.0   0.1  93.5   0.1    3   1628   1748    0    0    0 172.41   86.20   0.00  86.20  78.64  3.10 GHz
14:53:06   6.2   0.0   0.2  93.3   0.2    3   1726   1804    0    0    0 172.97   86.49   0.00  86.49  78.83  3.15 GHz
14:53:07   6.1   0.0   0.3  93.4   0.1    3   1612   1738    0    0    0 172.88   86.44   0.00  86.44  78.89  3.05 GHz
14:53:07   6.2   0.0   0.1  93.6   0.1    3   1770   1768    0    0    0 172.16   86.08   0.00  86.08  78.65  3.15 GHz
14:53:08   6.3   0.0   0.2  93.3   0.2    3   1756   1800    0    0    0 172.30   86.15   0.00  86.15  78.63  3.05 GHz
14:53:08   6.2   0.0   0.1  93.5   0.2    3   1716   1828    0    0    0 172.63   86.32   0.00  86.32  78.80  3.20 GHz
14:53:09   6.3   0.0   0.0  93.6   0.1    3   1696   1750    0    0    0 172.64   86.32   0.00  86.32  78.89  3.01 GHz
  Time    User  Nice   Sys  Idle    IO  Run Ctxt/s  IRQ/s Fork Exec Exit  Watts   pkg-0 uncore  pkg-0   core  CPU Freq
14:53:09   6.3   0.0   0.1  93.4   0.2    3   1836   1818    0    0    0 172.73   86.36   0.00  86.36  78.75  3.05 GHz
14:53:10   6.3   0.0   0.1  93.3   0.3    3   1616   1718    0    0    0 172.88   86.44   0.00  86.44  78.94  3.04 GHz
14:53:10   6.4   0.0   0.1  93.3   0.2    3   1834   1782    0    0    0 172.79   86.39   0.00  86.39  78.85  3.32 GHz
14:53:11   6.2   0.0   0.2  93.5   0.1    3   1654   1788    0    0    0 172.50   86.25   0.00  86.25  78.71  3.11 GHz
14:53:11   5.9   0.0   0.4  93.5   0.1    3   1742   1804    0    0    0 173.68   86.84   0.00  86.84  79.46  3.16 GHz
14:53:12   6.1   0.0   0.2  93.4   0.2    3   1776   1832    0    0    0 173.27   86.64   0.00  86.64  79.23  3.05 GHz
14:53:12   6.2   0.0   0.3  93.3   0.1    3   1684   1786    0    0    0 173.43   86.72   0.00  86.72  79.24  3.20 GHz
14:53:13   5.7   0.0   0.2  94.0   0.1    2   1678   1776    0    0    1 164.33   82.16   0.00  82.16  74.95  2.82 GHz
14:53:13   2.8   0.0   0.4  96.6   0.2    2   6354   3856    0    0    0 116.66   58.33   0.00  58.33  50.35  3.03 GHz
14:53:14   2.6   0.0   0.5  96.7   0.2    2   6340   3654    0    0    0 111.63   55.81   0.00  55.81  47.99  3.09 GHz
14:53:14   1.5   0.0   0.6  97.5   0.4    1  20524  10496    0    0    3  81.98   40.99   0.00  40.99  33.23  2.83 GHz
14:53:15   0.1   0.0   0.1  99.8   0.1    1   1600   1002    0    0    0  17.08    8.54   0.00   8.54   1.63  2.94 GHz
14:53:15   0.1   0.0   0.1  99.6   0.1    1   1700   1112    0    0    0  16.80    8.40   0.00   8.40   1.65  2.69 GHz
14:53:16   0.1   0.0   0.1  99.6   0.2    1   1696   1116    0    0    0  18.35    9.17   0.00   9.17   1.92  2.94 GHz
14:53:16   0.1   0.0   0.1  99.6   0.2    1   1652   1090    0    0    0  18.17    9.08   0.00   9.09   1.93  2.82 GHz
14:53:17   0.2   0.0   0.1  99.6   0.2    1   1704   1092    0    0    0  18.14    9.08   0.00   9.06   1.93  2.88 GHz
14:53:17   0.2   0.0   0.1  99.6   0.1    1   1704   1092    0    0    0  18.33    9.15   0.00   9.17   1.94  2.77 GHz
14:53:18   0.1   0.0   0.1  99.6   0.1    1   1668   1082    0    0    0  18.08    9.05   0.00   9.03   1.89  2.94 GHz
14:53:18   0.1   0.0   0.1  99.5   0.3    1   1680   1104    0    0    0  18.26    9.13   0.00   9.13   1.95  2.89 GHz
14:53:19   0.1   0.0   0.5  98.7   0.7    1   1816   3470    1    0    1  26.04   13.02   0.00  13.02   5.42  2.64 GHz
14:53:19   0.2   0.0   0.1  99.6   0.1    1   1788   1216    0    0    0  18.32    9.16   0.00   9.16   1.97  2.70 GHz
14:53:20   0.1   0.0   0.1  99.7   0.1    1   1794   1118    0    0    0  18.27    9.14   0.00   9.14   1.92  2.95 GHz
14:53:20   0.1   0.0   0.1  99.7   0.0    1   1652   1072    0    0    0  18.36    9.18   0.00   9.18   1.95  2.88 GHz
  Time    User  Nice   Sys  Idle    IO  Run Ctxt/s  IRQ/s Fork Exec Exit  Watts   pkg-0 uncore  pkg-0   core  CPU Freq
14:53:21   0.1   0.0   0.1  99.7   0.1    1   1684   1086    0    0    0  18.30    9.15   0.00   9.15   1.97  2.95 GHz
14:53:21   0.1   0.0   0.1  99.6   0.2    1   1704   1110    0    0    0  18.31    9.15   0.00   9.15   1.96  2.77 GHz
14:53:22   0.1   0.0   0.1  99.7   0.1    1   1568   1042    0    0    0  18.14    9.07   0.00   9.07   1.95  2.76 GHz
14:53:22   0.1   0.0   0.2  99.5   0.2    1   2276   1164    0    0    0  18.51    9.25   0.00   9.25   2.02  2.82 GHz
14:53:23   0.2   0.0   0.1  99.6   0.2    1   1766   1136    0    0    0  18.36    9.17   0.01   9.19   2.00  2.95 GHz
14:53:23   0.1   0.0   0.1  99.6   0.2    1   1804   1172    0    0    0  18.29    9.16   0.00   9.13   1.98  2.76 GHz
14:53:24   0.1   0.0   0.1  99.6   0.1    1   1742   1122    0    0    0  18.41    9.20   0.00   9.22   1.97  2.88 GHz
14:53:24   0.1   0.0   0.1  99.6   0.3    1   1676   1076    0    0    0  18.16    9.08   0.00   9.08   1.93  2.77 GHz
14:53:25   0.1   0.0   0.1  99.6   0.2    2   1734   1120    0    0    0  18.32    9.17   0.00   9.15   1.96  2.77 GHz
14:53:25   0.1   0.0   0.1  99.7   0.1    1   1654   1058    0    0    0  17.26    8.63   0.00   8.63   1.70  2.70 GHz
14:53:26   0.0   0.0   0.1  99.7   0.2    1   1584   1000    0    0    0  16.60    8.30   0.00   8.30   1.64  2.94 GHz
14:53:26   0.0   0.0   0.1  99.7   0.2    1   1630   1064    0    0    0  17.14    8.57   0.00   8.57   1.70  2.90 GHz
14:53:27   0.1   0.0   0.0  99.8   0.1    2   1654   1056    0    0    0  18.30    9.13   0.00   9.16   1.96  2.95 GHz
14:53:27   0.2   0.0   0.1  99.5   0.2    2   1760   1152    0    0    0  18.22    9.13   0.00   9.10   1.97  2.66 GHz
14:53:28   0.1   0.0   0.1  99.7   0.1    1   1698   1114    0    0    0  18.41    9.20   0.00   9.20   1.95  2.88 GHz
14:53:28   0.1   0.0   0.1  99.7   0.1    1   1700   1098    0    0    0  18.21    9.10   0.00   9.11   1.96  2.90 GHz
14:53:29   0.2   0.0   0.1  99.5   0.2    1   1700   1090    0    0    0  18.21    9.11   0.00   9.09   1.95  2.90 GHz
14:53:29   0.1   0.0   0.1  99.5   0.2    1   1724   1106    0    0    0  18.58    9.29   0.00   9.29   1.96  2.77 GHz
14:53:30   0.1   0.0   0.1  99.7   0.1    1   1668   1064    0    0    0  18.15    9.08   0.00   9.08   1.95  2.89 GHz
14:53:30   0.1   0.0   0.1  99.6   0.2    1   1678   1100    0    0    0  18.32    9.16   0.00   9.16   1.95  2.77 GHz
14:53:31   0.0   0.0   0.1  99.7   0.1    1   1588   1046    0    0    0  18.33    9.15   0.00   9.18   1.96  2.95 GHz
14:53:31   0.1   0.0   0.0  99.7   0.2    1   1754   1156    0    0    0  18.14    9.08   0.00   9.06   1.97  2.57 GHz
14:53:32   0.1   0.0   0.1  99.7   0.1    1   1736   1124    0    0    0  18.16    9.08   0.00   9.08   1.96  2.95 GHz
  Time    User  Nice   Sys  Idle    IO  Run Ctxt/s  IRQ/s Fork Exec Exit  Watts   pkg-0 uncore  pkg-0   core  CPU Freq
14:53:32   0.1   0.0   0.1  99.7   0.1    1   1654   1068    0    0    0  18.17    9.08   0.00   9.08   1.96  2.77 GHz
14:53:33   0.1   0.0   0.1  99.6   0.2    1   1686   1106    0    0    0  18.39    9.20   0.00   9.20   1.96  2.89 GHz
14:53:33   0.1   0.0   0.1  99.6   0.2    1   1726   1108    0    0    0  18.27    9.14   0.00   9.14   1.97  2.77 GHz
14:53:34   0.1   0.0   0.1  99.6   0.2    1   1608   1064    0    0    0  18.12    9.06   0.00   9.06   1.95  2.89 GHz
14:53:34   0.1   0.0   0.1  99.6   0.2    1   1700   1128    0    0    0  18.63    9.31   0.00   9.31   1.94  2.89 GHz
14:53:35   0.1   0.0   0.2  99.5   0.2    1   1644   1070    0    0    0  18.10    9.05   0.00   9.05   1.95  2.88 GHz
14:53:35   0.1   0.0   0.0  99.7   0.2    1   1756   1138    0    0    0  18.29    9.14   0.00   9.14   1.94  2.71 GHz
14:53:36   0.2   0.0   0.1  99.6   0.1    1   1748   1132    0    0    0  18.33    9.17   0.00   9.17   1.95  2.94 GHz
-------- ----- ----- ----- ----- ----- ---- ------ ------ ---- ---- ---- ------  ------ ------ ------ ------ ---------
 Average   4.1   0.0   0.4  95.0   0.5  2.4 8224.8 5207.6  0.1  0.0  0.1 132.95   66.48   0.00  66.48  58.89  3.04 GHz
 GeoMean   0.0   0.0   0.0  95.0   0.0  2.3 4825.7 3711.7  0.0  0.0  0.0 120.27   60.13   0.00  60.13  48.60  3.04 GHz
  StdDev   2.1   0.0   0.3   1.9   0.8  0.7 11663.0 5595.6  0.3  0.1  1.1  43.25   21.63   0.00  21.63  21.65  0.11 GHz
-------- ----- ----- ----- ----- ----- ---- ------ ------ ---- ---- ---- ------  ------ ------ ------ ------ ---------
 Minimum   0.0   0.0   0.0  89.6   0.0  1.0 1240.0 1000.0  0.0  0.0  0.0  16.60    8.30   0.00   8.30   1.63  2.57 GHz
 Maximum   6.6   0.0   2.6  99.8   5.4  4.0 154002.0 64274.0  4.0  2.0 29.0 180.51   90.25   0.01  90.25  81.68  3.33 GHz
-------- ----- ----- ----- ----- ----- ---- ------ ------ ---- ---- ---- ------  ------ ------ ------ ------ ---------
Summary:
CPU: 132.95 Watts on average with standard deviation 43.25 
Note: power read from RAPL domains: package-0, uncore, package-0, core.
These readings do not cover all the hardware in this device.

C-State    Resident      Count Latency 
C3_ACPI     87.291%     451293    1048
C2_ACPI      7.516%     614869     127
C1_ACPI      0.471%     375147       1
POLL         0.041%     203851       0
C0           4.682%

Histogram (of 767 power measurements)

  Range (Watts)   Count
 16.601 -  32.991    49 #####
 32.992 -  49.381     1 
 49.382 -  65.772     5 
 65.773 -  82.163    14 #
 82.164 -  98.553    35 ####
 98.554 - 114.944   186 #####################
114.945 - 131.335   102 ###########
131.336 - 147.725     7 
147.726 - 164.116    19 ##
164.117 - 180.507   349 ########################################

Histogram (of 767 CPU utilization measurements)

 Range (%CPU)   Count
 0.188 -  1.206    48 #####
 1.207 -  2.226     4 
 2.227 -  3.245    55 ######
 3.246 -  4.264   205 ######################
 4.265 -  5.284    32 ###
 5.285 -  6.303    51 #####
 6.304 -  7.322   359 ########################################
 7.323 -  8.342     4 
 8.343 -  9.361     6 
 9.362 - 10.380     3 

Histogram (of 767 CPU average frequencies)

Range (GHz)   Count
2.570 - 2.645     2 
2.646 - 2.721     7 #
2.722 - 2.796    18 ###
2.797 - 2.872    23 ####
2.873 - 2.948   113 #####################
2.949 - 3.024   157 ##############################
3.025 - 3.100   206 ########################################
3.101 - 3.175   161 ###############################
3.176 - 3.251    64 ############
3.252 - 3.327    16 ###
