Running for 1860.0 seconds (3720 samples at 0.5 second intervals).
Power measurements will start in 0 seconds time.

  Time    User  Nice   Sys  Idle    IO  Run Ctxt/s  IRQ/s Fork Exec Exit  Watts   pkg-0 uncore  pkg-0   core  CPU Freq
14:39:04   2.3   0.0   0.6  96.4   0.7    2  12986   8314    0    0    0 106.74   53.37   0.00  53.37  45.55  2.91 GHz
14:39:05   2.3   0.0   0.6  96.8   0.4    2  11596   7756    0    0    0 106.19   53.09   0.00  53.09  45.28  2.93 GHz
14:39:05   2.1   0.0   0.6  96.9   0.4    2  10706   7356    0    0    0 104.74   52.37   0.00  52.37  44.58  2.94 GHz
14:39:06   2.1   0.0   0.6  96.8   0.4    2  11362   7436    0    0    0 104.56   52.28   0.00  52.28  44.46  2.89 GHz
14:39:06   2.3   0.0   0.6  96.4   0.8    1   7846   6584    0    0    0 104.30   52.15   0.00  52.15  44.33  2.97 GHz
14:39:07   0.8   0.0   1.0  93.5   4.7    1  15638  11202    0    0    0  55.99   28.00   0.00  28.00  20.17  2.84 GHz
14:39:07   0.3   0.0   1.4  95.9   2.4    2  26076  16932    0    0    0  69.61   34.80   0.00  34.80  26.86  3.17 GHz
14:39:08   0.3   0.0   1.0  97.0   1.8    1  27314  17592    0    0    0  80.57   40.28   0.00  40.28  32.33  3.19 GHz
14:39:08   0.3   0.0   1.4  96.6   1.7    1  26336  17456    0    0    0  74.45   37.23   0.00  37.23  29.18  3.07 GHz
14:39:09   0.2   0.0   1.3  96.8   1.8    2  27228  17442    0    0    0  79.40   39.70   0.00  39.70  31.62  3.01 GHz
14:39:09   0.2   0.0   1.3  96.8   1.8    2  25288  16240    0    0    0  64.82   32.41   0.00  32.41  24.37  2.87 GHz
14:39:10   0.3   0.0   1.1  96.8   1.8    2  24588  16158    0    0    0  65.24   32.62   0.00  32.62  24.59  3.08 GHz
14:39:10   0.2   0.0   1.0  97.1   1.8    1  24404  15986    0    0    0  63.20   31.60   0.00  31.60  23.58  3.01 GHz
14:39:11   0.1   0.0   1.3  96.8   1.8    1  24658  16114    0    0    0  63.61   31.80   0.00  31.80  23.77  3.01 GHz
14:39:11   0.3   0.0   1.5  96.3   1.9    1  28020  18490    0    0    0  74.30   37.15   0.00  37.15  29.07  3.06 GHz
14:39:12   0.2   0.0   1.3  96.9   1.6    2  31288  19834    0    0    0  84.96   42.48   0.00  42.48  34.34  3.13 GHz
14:39:12   0.3   0.0   1.3  96.9   1.6    2  32192  20602    0    0    0  86.09   43.04   0.00  43.04  34.88  3.07 GHz
14:39:13   0.5   0.0   1.6  96.6   1.2    2  26266  18280    0    0    0  81.74   40.87   0.00  40.87  32.82  2.95 GHz
14:39:13   2.4   0.0   0.5  96.8   0.3    2   5456   5134    0    0    0 111.00   55.50   0.00  55.50  47.85  2.99 GHz
14:39:14   2.6   0.0   0.4  96.8   0.3    2   6000   5236    0    0    0 111.05   55.52   0.00  55.52  47.89  3.03 GHz
14:39:14   2.6   0.0   0.3  96.8   0.3    2   8176   6340    0    0    0 111.56   55.78   0.00  55.78  48.14  3.08 GHz
14:39:15   2.1   0.0   0.7  96.6   0.6    1  35216  19162    0    0    0 110.98   55.49   0.00  55.49  47.74  3.25 GHz
14:39:15   2.0   0.0   0.6  93.9   3.4    2  15596   9472    0    0    1 100.73   50.37   0.00  50.37  42.70  2.92 GHz
  Time    User  Nice   Sys  Idle    IO  Run Ctxt/s  IRQ/s Fork Exec Exit  Watts   pkg-0 uncore  pkg-0   core  CPU Freq
14:39:16   2.4   0.0   0.6  96.3   0.7    2   7356   5872    1    0    1 111.78   55.89   0.00  55.89  48.23  2.95 GHz
14:39:16   2.4   0.0   0.6  96.8   0.3    2   7482   6066    0    0    0 111.28   55.64   0.00  55.64  47.99  3.06 GHz
14:39:17   2.4   0.0   0.6  96.8   0.3    2   4586   4766    0    0    0 111.53   55.76   0.00  55.76  48.11  3.11 GHz
14:39:17   2.0   0.0   0.6  96.9   0.6    2  10824   7028    0    0    0 104.21   52.10   0.00  52.10  44.45  3.10 GHz
14:39:18   1.7   0.0   1.0  94.2   3.1    1  13588   9416    0    0    2  83.71   41.86   0.00  41.86  34.01  3.00 GHz
14:39:18   2.4   0.0   0.5  95.0   2.1    2  13110   7884    2    0    5 106.89   53.45   0.00  53.45  45.68  2.95 GHz
14:39:19   2.3   0.0   0.6  96.9   0.3    2  11946   7598    0    0    1 107.44   53.72   0.00  53.72  45.97  2.88 GHz
14:39:19   2.3   0.0   0.6  96.9   0.2    2   9132   6430    0    0    0 107.85   53.92   0.00  53.92  46.15  2.95 GHz
14:39:20   2.0   0.0   0.6  96.8   0.6    2  15024   8432    0    0    0 100.70   50.35   0.00  50.35  42.61  3.02 GHz
14:39:20   1.6   0.0   0.9  95.6   1.9    2  61824  28364    0    0    0  91.27   45.64   0.00  45.64  37.79  3.16 GHz
14:39:21   2.2   0.0   0.6  93.8   3.4    2   8844   6292    0    0    0 109.83   54.85   0.00  54.97  47.28  3.01 GHz
14:39:21   2.2   0.0   0.7  96.6   0.6    1   6010   5398    0    0    0 110.18   55.15   0.00  55.03  47.37  3.15 GHz
14:39:22   2.4   0.0   0.4  96.9   0.3    2   4432   4666    0    0    0 111.57   55.78   0.00  55.78  48.10  3.11 GHz
14:39:22   2.5   0.0   0.4  96.8   0.3    2   5748   5292    0    0    0 111.34   55.67   0.00  55.67  48.01  2.90 GHz
14:39:23   1.5   0.0   0.9  96.9   0.8    2  17676   9566    0    0    0  94.68   47.34   0.00  47.34  39.59  2.95 GHz
14:39:23   1.6   0.0   0.8  94.2   3.4    3  41292  19862    0    0    0  96.90   48.45   0.00  48.45  40.60  2.85 GHz
14:39:24   2.3   0.0   0.6  95.2   1.9    2  12736   7850    0    0    0 108.44   54.22   0.00  54.22  46.43  2.88 GHz
14:39:24   2.3   0.0   0.6  96.9   0.2    2  10408   7120    0    0    0 107.51   53.75   0.00  53.75  45.99  3.02 GHz
14:39:25   2.4   0.0   0.6  96.8   0.3    2  11566   7488    0    0    0 107.47   53.73   0.00  53.73  45.95  2.96 GHz
14:39:25   1.8   0.0   0.9  96.8   0.5    1  13530   6548    0    0    0 101.11   50.56   0.00  50.56  42.80  2.98 GHz
14:39:26   1.5   0.0   0.9  95.5   2.1    2  20134  10166    0    0    0  78.18   39.09   0.00  39.09  31.27  2.90 GHz
14:39:26   2.1   0.0   0.8  93.7   3.4    2  13346   8080    0    0    0 108.33   54.10   0.00  54.23  46.48  2.92 GHz
14:39:27   2.4   0.0   0.6  96.6   0.4    2   9560   6570    0    0    0 107.05   53.59   0.00  53.46  45.71  2.93 GHz
  Time    User  Nice   Sys  Idle    IO  Run Ctxt/s  IRQ/s Fork Exec Exit  Watts   pkg-0 uncore  pkg-0   core  CPU Freq
14:39:27   2.9   0.0   0.4  96.5   0.2    2  13238   7330   16    5    7 115.05   57.52   0.00  57.52  49.73  3.06 GHz
14:39:28   2.3   0.0   0.6  96.8   0.3    2  10730   7298    0    0    2 107.11   53.56   0.00  53.56  45.78  3.19 GHz
14:39:28   1.7   1.7   0.9  94.9   0.8    2  16544   8666    6    6    3 122.88   61.44   0.00  61.44  53.57  3.02 GHz
14:39:29   2.3   2.1   1.2  90.9   3.5    2  21930  13458   16   12   16 139.16   69.58   0.00  69.58  61.56  2.88 GHz
14:39:29   2.3   0.0   0.6  95.4   1.6    2   9218   6910    0    0    1 109.70   54.85   0.00  54.85  47.19  3.06 GHz
14:39:30   2.3   0.0   0.6  96.9   0.3    2   4198   4498    0    0    0 111.34   55.67   0.00  55.67  47.99  3.06 GHz
14:39:30   2.8   0.0   0.7  96.3   0.3    2   8124   6270    4    3    3 116.90   58.45   0.00  58.45  50.80  3.10 GHz
14:39:31   1.9   0.0   0.6  96.9   0.5    2  10516   7116    0    0    0 104.32   52.16   0.00  52.16  44.51  2.95 GHz
14:39:31   1.8   0.0   0.9  94.3   2.9    2  22982  13802    1    0    1  91.91   45.96   0.00  45.96  38.16  3.04 GHz
14:39:32   2.5   0.0   0.4  94.1   3.0    2   9670   6908    0    0    0 109.45   54.66   0.00  54.79  47.08  3.04 GHz
14:39:32   2.3   0.0   0.5  97.0   0.2    2   5710   5332    0    0    0 111.57   55.85   0.00  55.72  48.05  3.07 GHz
14:39:33   2.4   0.0   0.5  96.9   0.3    2   6430   5702    0    0    0 111.22   55.61   0.00  55.61  47.96  3.11 GHz
14:39:33   2.4   0.0   0.6  96.8   0.3    2   6968   5964    0    0    0 111.13   55.57   0.00  55.57  47.92  2.97 GHz
14:39:34   1.8   0.0   0.6  96.3   1.3    1  14352   9648    0    0    0  99.16   49.58   0.00  49.58  41.85  3.07 GHz
14:39:34   1.9   0.0   0.9  93.7   3.5    2  21068  12672    0    0    0  98.28   49.14   0.00  49.14  41.40  3.03 GHz
14:39:35   2.3   0.0   0.7  95.8   1.3    2   7058   5804    0    0    0 111.37   55.68   0.00  55.68  48.02  3.11 GHz
14:39:35   2.4   0.0   0.4  96.9   0.3    2   8574   6210    0    0    1 107.76   53.88   0.00  53.88  46.12  2.95 GHz
14:39:36   2.6   0.0   0.4  96.7   0.3    1   9418   6658    1    0    1 106.46   53.23   0.00  53.23  45.46  2.94 GHz
14:39:36   1.4   0.0   0.9  96.9   0.8    2  19872  13366    0    0    0  98.54   49.27   0.00  49.27  41.28  3.06 GHz
14:39:37   0.3   0.0   1.4  96.8   1.4    1  33648  21162    0    0    0  86.30   43.15   0.00  43.15  34.93  2.95 GHz
14:39:37   0.8   0.0   1.4  96.7   1.1    2  26126  18726    0    0    0  92.86   46.43   0.00  46.43  38.29  3.02 GHz
14:39:38   2.1   0.0   1.1  96.8   0.1    2   1662   9160    0    0    0 110.49   55.24   0.00  55.24  47.34  3.07 GHz
14:39:38   2.3   0.0   0.8  96.8   0.1    2   2246   9574    0    0    0 111.51   55.76   0.00  55.76  47.84  3.06 GHz
  Time    User  Nice   Sys  Idle    IO  Run Ctxt/s  IRQ/s Fork Exec Exit  Watts   pkg-0 uncore  pkg-0   core  CPU Freq
14:39:39   2.0   0.0   1.1  96.8   0.1    2   1682   9144    0    0    0 110.83   55.41   0.00  55.41  47.62  2.99 GHz
14:39:39   2.1   0.0   0.4  96.9   0.6    1  13868   6486    0    0    0  99.19   49.59   0.00  49.59  41.82  2.99 GHz
14:39:40   2.0   0.0   0.8  94.4   2.8    1  51988  24528    0    0    0 103.62   51.81   0.00  51.81  44.04  3.04 GHz
14:39:40   2.3   0.0   0.8  95.1   1.9    2   9624   4826    0    0    0 108.49   54.25   0.00  54.25  46.59  3.02 GHz
14:39:41   2.5   0.0   0.4  96.9   0.2    2   8408   4358    0    0    0 107.67   53.83   0.00  53.83  46.33  3.01 GHz
14:39:41   2.4   0.0   0.6  96.8   0.2    2   7054   3700    0    0    0 106.06   53.03   0.00  53.03  45.29  2.95 GHz
14:39:42   2.5   0.0   0.5  96.8   0.2    2   7544   3782    0    0    0 107.48   53.74   0.00  53.74  46.09  2.95 GHz
14:39:42   2.5   0.0   0.3  96.8   0.4    2   8896   4438    0    0    0 102.60   51.30   0.00  51.30  43.67  2.90 GHz
14:39:43   1.9   0.0   0.7  95.6   1.9    2  23436  12716    0    0    3  91.74   45.87   0.00  45.87  38.10  2.91 GHz
14:39:43   2.4   0.0   0.4  93.9   3.3    2  10314   4968    0    0    0 109.61   54.81   0.00  54.81  47.14  2.74 GHz
14:39:44   2.5   0.0   0.5  96.7   0.3    2  11788   6724    0    0    0 108.59   54.29   0.00  54.29  46.56  2.95 GHz
14:39:44   2.4   0.0   0.4  96.9   0.3    2  10040   6896    0    0    2 107.77   53.83   0.00  53.95  46.14  2.88 GHz
14:39:45   2.3   0.0   0.6  96.9   0.3    1  12368   7786    0    0    0 106.17   53.14   0.00  53.02  45.23  3.07 GHz
14:39:45   1.8   0.0   0.8  96.2   1.2    1  40324  20794    0    0    0  99.46   49.73   0.00  49.73  41.89  3.12 GHz
14:39:46   2.1   0.0   0.7  94.0   3.2    2  20912  12106    0    0    1 102.07   50.98   0.00  51.09  43.24  3.05 GHz
14:39:46   2.4   0.0   0.5  95.9   1.3    2  12690   7830    0    0    0 108.90   54.50   0.00  54.40  46.59  3.02 GHz
14:39:47   2.3   0.0   0.6  96.9   0.3    2  11516   7298    0    0    0 105.66   52.83   0.00  52.83  45.06  2.88 GHz
14:39:47   2.2   0.0   0.6  96.9   0.3    2  11132   7132    0    0    0 106.93   53.46   0.00  53.46  45.66  2.95 GHz
14:39:48   1.6   0.0   0.5  97.0   0.9    1  16416   7562    0    0    0  89.93   44.97   0.00  44.97  37.29  3.03 GHz
14:39:48   1.6   0.0   1.0  94.2   3.2    2  11506   9082    0    0    0  85.10   42.55   0.00  42.55  34.66  2.96 GHz
14:39:49   2.3   0.0   0.6  95.0   2.1    1  11604   7896    0    0    0 108.95   54.48   0.00  54.48  46.77  3.04 GHz
14:39:49   2.4   0.0   0.6  96.7   0.2    2   8808   6590    0    0    0 112.11   56.05   0.00  56.05  48.36  3.04 GHz
14:39:50   1.9   0.0   0.9  96.8   0.3    2   6586   5778    0    0    0 111.58   55.79   0.00  55.79  48.08  2.96 GHz
  Time    User  Nice   Sys  Idle    IO  Run Ctxt/s  IRQ/s Fork Exec Exit  Watts   pkg-0 uncore  pkg-0   core  CPU Freq
14:39:50   1.9   0.0   0.5  96.9   0.8    2  13872   8848    0    0    0  99.02   49.51   0.00  49.51  41.83  3.03 GHz
14:39:51   1.6   0.0   1.0  94.2   3.1    1  42722  22120    0    0    0  95.74   47.87   0.00  47.87  40.08  3.06 GHz
14:39:51   2.1   0.0   0.8  94.7   2.4    2   8066   6276    0    0    0 109.34   54.67   0.00  54.67  46.92  2.82 GHz
14:39:52   2.4   0.0   0.5  96.7   0.3    1  11610   7744    0    0    0 105.99   53.00   0.00  53.00  45.32  2.97 GHz
14:39:52   2.3   0.0   0.6  96.9   0.3    1  11912   7778    0    0    0 109.06   54.53   0.00  54.53  46.63  2.94 GHz
14:39:53   1.8   0.0   0.7  96.8   0.7    1  15902   9170    0    0    0  99.39   49.70   0.00  49.70  41.87  3.02 GHz
14:39:53   1.6   0.0   0.9  94.2   3.3    2  37600  21336    0    0    0  86.45   43.23   0.00  43.23  35.36  2.97 GHz
14:39:54   2.3   0.0   0.6  94.4   2.7    2  12944   8196    0    0    0 107.58   53.79   0.00  53.79  45.99  3.02 GHz
14:39:54   2.3   0.0   0.6  96.9   0.3    2  11600   7736    0    0    0 108.21   54.11   0.00  54.11  46.29  3.00 GHz
14:39:55   2.4   0.0   0.6  96.8   0.3    2  10398   7112    0    0    0 107.56   53.78   0.00  53.78  46.10  2.95 GHz
14:39:55   1.9   0.0   0.7  96.9   0.6    2  13514   8206    0    0    0  93.08   46.54   0.00  46.54  38.71  3.00 GHz
14:39:56   1.6   0.0   0.9  94.8   2.7    2  52560  24542    1    0    0  93.24   46.62   0.00  46.62  38.73  3.17 GHz
14:39:56   2.3   0.0   0.6  94.1   3.0    2  16370   9468    0    0    0 110.96   55.48   0.00  55.48  47.67  3.03 GHz
14:39:57   2.4   0.0   0.7  96.6   0.3    2   8664   6538    0    0    0 110.09   55.05   0.00  55.05  47.31  2.96 GHz
14:39:57   2.3   0.0   0.6  96.9   0.3    2   8374   6402    0    0    0 108.11   54.06   0.00  54.06  46.39  3.02 GHz
14:39:58   2.0   0.0   0.6  96.8   0.6    2  11072   7402    0    0    0  98.31   49.16   0.00  49.16  41.48  2.93 GHz
14:39:58   1.4   0.0   1.0  95.9   1.8    1  18248  12190    0    0    0  79.08   39.54   0.00  39.54  31.74  2.97 GHz
14:39:59   1.8   0.0   0.6  94.1   3.6    1  14258   8360    0    0    0  94.80   47.40   0.00  47.40  39.75  2.91 GHz
14:39:59   1.1   0.0   2.3  94.1   2.6    2   3052   2064    0    0    0 107.70   53.85   0.00  53.85  45.84  3.05 GHz
14:40:00   0.6   0.0   2.6  96.7   0.1    2   1552   1416    0    0    0 108.17   54.08   0.00  54.08  46.17  2.96 GHz
14:40:00   0.7   0.0   2.6  96.7   0.1    2   1718   1532    0    0    0 108.49   54.24   0.00  54.24  46.22  3.05 GHz
14:40:01   2.5   0.0   0.6  96.7   0.1    1   3458   2258    0    0    0 114.02   57.01   0.00  57.01  49.27  3.02 GHz
14:40:01   2.7   0.0   0.4  96.8   0.1    2   7416   4176    0    0    0 115.04   57.52   0.00  57.52  49.92  3.04 GHz
  Time    User  Nice   Sys  Idle    IO  Run Ctxt/s  IRQ/s Fork Exec Exit  Watts   pkg-0 uncore  pkg-0   core  CPU Freq
14:40:02   2.6   0.0   0.4  96.8   0.2    2   5408   3306    0    0    0 115.12   57.56   0.00  57.56  49.98  3.03 GHz
14:40:02   2.8   0.0   0.4  96.7   0.2    2   6876   3924    0    0    0 111.94   55.97   0.00  55.97  48.38  2.97 GHz
14:40:03   2.6   0.0   0.6  96.7   0.1    2   6796   3922    0    0    0 113.00   56.44   0.00  56.56  48.94  3.04 GHz
14:40:03   2.7   0.0   0.3  96.7   0.3    2   6430   3780    0    0    0 109.86   54.99   0.00  54.87  47.28  2.92 GHz
14:40:04   2.0   0.0   0.5  96.4   1.1    1  42384  19718    0    0    0  98.27   49.13   0.00  49.13  41.43  2.84 GHz
14:40:04   2.6   0.0   0.6  93.6   3.1    1  26140  13446    0    0    0 108.62   54.31   0.00  54.31  46.61  3.02 GHz
14:40:05   2.7   0.0   0.4  95.8   1.1    2   7730   4290    0    0    0 112.37   56.19   0.00  56.19  48.72  3.05 GHz
14:40:05   2.7   0.0   0.3  96.8   0.3    2   7036   3854    0    0    0 110.78   55.39   0.00  55.39  47.71  2.97 GHz
14:40:06   2.7   0.0   0.4  96.7   0.1    2   5530   3298    0    0    0 111.36   55.68   0.00  55.68  48.08  2.92 GHz
14:40:06   2.8   0.0   0.3  96.7   0.2    2   4998   3180    0    0    0 112.01   56.00   0.00  56.00  48.42  3.00 GHz
14:40:07   2.7   0.0   0.4  96.8   0.1    2   7710   4186    0    0    0 114.15   57.07   0.00  57.07  49.50  3.07 GHz
14:40:07   2.8   0.0   0.2  96.8   0.2    2   4588   3040    0    0    0 115.25   57.63   0.00  57.63  50.06  3.04 GHz
14:40:08   2.4   0.0   0.6  96.6   0.5    2  15788   8030    0    0    0 109.31   54.65   0.00  54.65  47.02  3.15 GHz
14:40:08   2.1   0.0   0.7  93.7   3.5    2  12440   7986    0    0    0  94.70   47.35   0.00  47.35  39.63  2.98 GHz
14:40:09   2.7   0.0   0.4  95.7   1.3    2   7932   4426    0    0    0 111.97   55.93   0.00  56.04  48.43  2.89 GHz
14:40:09   2.8   0.0   0.4  96.7   0.1    2   5906   3470    0    0    0 115.51   57.76   0.00  57.76  50.14  3.04 GHz
14:40:10   2.6   0.0   0.4  96.7   0.2    2   6452   3830    0    0    0 116.52   58.31   0.00  58.20  50.67  2.95 GHz
14:40:10   2.8   0.0   0.3  96.8   0.1    2   7164   4166    0    0    0 116.78   58.39   0.00  58.39  50.81  3.16 GHz
14:40:11   2.8   0.0   0.3  96.7   0.2    2   8504   4608    0    0    0 117.13   58.57   0.00  58.57  50.96  2.96 GHz
14:40:11   2.7   0.0   0.4  96.7   0.1    2   7156   4214    0    0    0 116.76   58.38   0.00  58.38  50.83  3.02 GHz
14:40:12   2.4   0.0   0.4  96.6   0.5    2  14044   7434    0    0    0 110.30   55.15   0.00  55.15  47.52  3.20 GHz
14:40:12   2.3   0.0   0.6  94.0   3.1    2  64910  26092    0    0    0 111.60   55.80   0.00  55.80  48.06  2.94 GHz
14:40:13   2.6   0.0   0.4  95.6   1.4    3   8558   4684    0    0    0 112.65   56.32   0.00  56.32  48.71  2.83 GHz
  Time    User  Nice   Sys  Idle    IO  Run Ctxt/s  IRQ/s Fork Exec Exit  Watts   pkg-0 uncore  pkg-0   core  CPU Freq
14:40:13   2.7   0.0   0.4  96.7   0.1    2   5834   3532    0    0    0 112.87   56.43   0.00  56.43  48.84  2.92 GHz
14:40:14   2.8   0.0   0.3  96.7   0.2    2   7578   4284    0    0    0 111.61   55.81   0.00  55.81  48.34  3.05 GHz
14:40:14   2.8   0.0   0.3  96.7   0.2    3   6882   3930    0    0    0 112.32   56.10   0.00  56.21  48.47  2.96 GHz
14:40:15   2.7   0.0   0.5  96.7   0.1    2   7002   4020    0    0    0 111.36   55.73   0.00  55.62  48.04  3.02 GHz
14:40:15   2.8   0.0   0.3  96.7   0.2    2   7908   4548    0    0    0 112.39   56.19   0.00  56.19  48.59  2.96 GHz
14:40:16   2.6   0.0   0.4  96.7   0.4    2   8580   4746    1    0    1 107.10   53.55   0.00  53.55  45.93  3.04 GHz
14:40:16   2.3   0.0   0.8  93.7   3.2    2  20344   9886    0    0    0 101.42   50.71   0.00  50.71  42.95  2.99 GHz
14:40:17   2.6   0.0   0.4  95.5   1.4    2   7022   4028    0    0    0 113.96   56.98   0.00  56.98  49.38  2.99 GHz
14:40:17   2.6   0.0   0.3  96.7   0.3    3   5680   3442    0    0    0 112.33   56.16   0.00  56.16  48.58  2.97 GHz
14:40:18   2.8   0.0   0.3  96.7   0.3    2   7108   4016    0    0    0 108.74   54.37   0.00  54.37  46.77  3.00 GHz
14:40:18   2.6   0.0   0.4  96.7   0.3    2   5422   3146    0    0    0 107.60   53.80   0.00  53.80  46.20  2.99 GHz
14:40:19   2.8   0.0   0.3  96.8   0.2    2   5696   3420    0    0    0 113.80   56.90   0.00  56.90  49.27  3.07 GHz
14:40:19   2.0   0.0   1.3  96.6   0.1    2   4126   2666    0    0    0 109.12   54.56   0.00  54.56  46.85  3.02 GHz
14:40:20   1.9   0.0   1.2  96.6   0.2    2   4168   2614    0    0    0 108.81   54.41   0.00  54.41  46.70  2.99 GHz
14:40:20   2.0   0.0   0.8  95.9   1.3    2  56488  27478    0    0    0 104.29   52.15   0.00  52.15  44.29  3.03 GHz
14:40:21   2.6   0.0   0.4  93.8   3.2    3   8170   4278    0    0    0 115.18   57.59   0.00  57.59  49.97  3.01 GHz
14:40:21   2.9   0.0   0.6  95.9   0.5    2   6284   3968    0    0    0 116.25   58.12   0.00  58.12  50.50  3.08 GHz
14:40:22   2.9   0.0   0.4  96.5   0.2    2   7436   4096    0    0    0 115.82   57.91   0.00  57.91  50.29  3.02 GHz
14:40:22   2.6   0.0   0.4  96.7   0.2    2   8438   4832    0    0    0 112.54   56.27   0.00  56.27  48.65  2.97 GHz
14:40:23   2.6   0.0   0.5  96.8   0.1    2   6876   3996    0    0    0 112.59   56.30   0.00  56.30  48.68  3.04 GHz
14:40:23   2.7   0.0   0.4  96.7   0.2    2   8400   4760    0    0    0 112.81   56.40   0.00  56.40  48.78  2.97 GHz
14:40:24   2.5   0.0   0.4  96.7   0.4    2   9364   4880    0    0    0 108.26   54.13   0.00  54.13  46.49  2.97 GHz
14:40:24   2.3   0.0   0.8  94.1   2.9    2  52508  26290    0    0    0 106.36   53.18   0.00  53.18  45.40  2.69 GHz
  Time    User  Nice   Sys  Idle    IO  Run Ctxt/s  IRQ/s Fork Exec Exit  Watts   pkg-0 uncore  pkg-0   core  CPU Freq
14:40:25   2.5   0.0   0.5  95.1   1.9    2   9688   5050    0    0    0 116.58   58.29   0.00  58.29  50.67  3.02 GHz
14:40:25   2.7   0.0   0.4  96.7   0.1    2   7124   4026    0    0    0 116.52   58.26   0.00  58.26  50.64  3.03 GHz
14:40:26   2.9   0.0   0.2  96.7   0.2    2   6576   3782    0    0    0 115.85   57.93   0.00  57.93  50.22  2.99 GHz
14:40:26   2.6   0.0   0.4  96.7   0.3    2   7746   4334    0    0    0 117.33   58.67   0.00  58.67  50.90  2.97 GHz
14:40:27   2.8   0.0   0.4  96.7   0.2    2   8368   4606    0    0    0 116.17   58.09   0.00  58.09  50.32  3.13 GHz
14:40:27   2.8   0.0   0.4  96.6   0.2    2   6446   3630    0    0    0 116.55   58.28   0.00  58.28  50.67  2.95 GHz
14:40:28   2.1   0.0   0.6  96.1   1.2    2  31290  16294    0    0    0 106.28   53.14   0.00  53.14  45.43  3.03 GHz
14:40:28   2.5   0.0   0.7  93.4   3.4    1  27852  13296    0    0    0 104.08   52.04   0.00  52.04  44.37  2.96 GHz
14:40:29   2.6   0.0   0.4  96.2   0.8    2   4302   2716    0    0    0 115.92   57.96   0.00  57.96  50.41  3.03 GHz
14:40:29   2.8   0.0   0.3  96.8   0.1    2   3726   2506    0    0    0 115.72   57.86   0.00  57.86  50.40  3.04 GHz
14:40:30   2.7   0.0   0.4  96.7   0.2    2   4816   3018    0    0    0 113.45   56.73   0.00  56.73  49.25  3.06 GHz
14:40:30   2.8   0.0   0.4  96.7   0.1    2   3894   2424    0    0    0 114.08   57.04   0.00  57.04  49.44  3.03 GHz
14:40:31   2.7   0.0   0.4  96.7   0.1    2   3780   2436    0    0    0 114.25   57.12   0.00  57.12  49.66  2.97 GHz
14:40:31   2.8   0.0   0.4  96.6   0.1    2   4602   2804    0    0    0 114.08   57.04   0.00  57.04  49.47  3.03 GHz
14:40:32   2.4   0.0   0.5  96.9   0.1    2   4772   2960    0    0    0 113.68   56.78   0.00  56.90  49.41  3.06 GHz
14:40:32   2.7   0.0   0.5  96.6   0.2    2   4302   3062    0    0    0 115.59   57.85   0.00  57.73  50.11  3.05 GHz
14:40:33   2.8   0.0   0.3  96.7   0.2    2   5896   4320    0    0    0 116.79   58.39   0.00  58.39  50.78  3.01 GHz
14:40:33   1.8   0.0   0.9  95.5   1.8    3  40804  10780    0    0    0  90.08   45.04   0.00  45.04  37.33  2.71 GHz
14:40:34   2.6   0.0   0.4  93.7   3.3    2  24082  11794    0    0    0 110.54   55.27   0.00  55.27  47.62  3.10 GHz
14:40:34   2.8   0.0   0.2  95.3   1.7    2   6604   4534    0    0    0 112.74   56.37   0.00  56.37  48.74  3.18 GHz
14:40:35   2.6   0.0   0.4  96.7   0.2    1   6848   5022    0    0    0 114.47   57.24   0.00  57.24  49.63  3.02 GHz
14:40:35   2.6   0.0   0.4  96.9   0.2    2   6200   4560    0    0    0 117.12   58.56   0.00  58.56  50.94  2.98 GHz
14:40:36   2.8   0.0   0.4  96.6   0.2    2   6236   4698    1    0    1 117.11   58.55   0.00  58.55  50.93  2.93 GHz
  Time    User  Nice   Sys  Idle    IO  Run Ctxt/s  IRQ/s Fork Exec Exit  Watts   pkg-0 uncore  pkg-0   core  CPU Freq
14:40:36   2.5   0.0   0.5  96.8   0.2    2   6952   4760    0    0    0 116.09   58.04   0.00  58.04  50.42  3.05 GHz
14:40:37   2.8   0.0   0.2  96.7   0.3    2   7018   4838    0    0    0 115.03   57.51   0.00  57.51  49.88  3.17 GHz
14:40:37   1.5   0.0   0.9  95.1   2.5    4  25446  14754    0    0    0  90.93   45.46   0.00  45.46  37.67  2.82 GHz
14:40:38   2.6   0.0   0.6  93.6   3.1    2  25146  12796    0    0    0 115.68   57.84   0.00  57.84  50.19  3.05 GHz
14:40:38   2.8   0.0   0.4  96.0   0.8    2   7428   5046    0    0    0 113.70   56.85   0.00  56.85  49.13  3.01 GHz
14:40:39   2.6   0.0   0.4  96.7   0.2    2   8122   5230    0    0    0 113.04   56.52   0.00  56.52  48.73  2.95 GHz
14:40:39   2.8   0.0   0.4  96.6   0.2    2   6512   4552    0    0    0 112.25   56.12   0.00  56.12  48.42  3.03 GHz
14:40:40   2.8   0.0   0.3  96.8   0.2    1   9244   5840    0    0    0 112.18   56.09   0.00  56.09  48.41  2.97 GHz
14:40:40   2.0   0.0   0.6  96.9   0.6    2  14086   8684    0    0    0 104.14   52.07   0.00  52.07  44.26  2.85 GHz
14:40:41   1.4   0.0   0.9  94.7   3.0    2  66960  32202    0    0    0  96.50   48.25   0.00  48.25  40.33  2.98 GHz
14:40:41   2.2   0.0   0.7  94.4   2.7    2  12660   8230    0    0    0 108.95   54.47   0.00  54.47  46.74  3.06 GHz
14:40:42   2.4   0.0   0.6  96.8   0.3    1   8538   7082    0    0    0 114.46   57.23   0.00  57.23  49.50  3.13 GHz
14:40:42   2.6   0.0   0.4  96.8   0.3    3   8196   5676    0    0    0 114.10   57.05   0.00  57.05  49.35  2.96 GHz
14:40:43   2.6   0.0   0.4  96.5   0.5    1   9636   5456    0    0    0 108.99   54.50   0.00  54.50  46.85  3.05 GHz
14:40:43   2.3   0.0   0.8  96.2   0.7    1  11126   6178    0    0    0 104.81   52.40   0.00  52.40  44.69  2.99 GHz
14:40:44   2.3   0.0   0.8  94.2   2.7    2  64626  29628    0    0    0 102.80   51.40   0.00  51.40  43.58  2.91 GHz
14:40:44   2.8   0.0   0.4  94.6   2.3    2   7620   4146    0    0    0 116.93   58.47   0.00  58.47  50.82  2.97 GHz
14:40:45   2.8   0.0   0.3  96.8   0.2    2   7636   4218    0    0    0 115.92   57.96   0.00  57.96  50.35  3.02 GHz
14:40:45   2.8   0.0   0.4  96.7   0.1    2   6676   3818    0    0    0 115.64   57.82   0.00  57.82  50.22  3.08 GHz
14:40:46   2.8   0.0   0.3  96.8   0.2    2   6448   3658    0    0    0 117.08   58.54   0.00  58.54  50.94  3.05 GHz
14:40:46   2.9   0.0   0.3  96.7   0.1    3   7102   3868    0    0    0 116.89   58.45   0.00  58.45  50.84  3.23 GHz
14:40:47   2.7   0.0   0.3  96.8   0.2    2   7050   3940    0    0    0 117.06   58.53   0.00  58.53  50.90  3.02 GHz
14:40:47   2.5   0.0   0.3  96.8   0.4    2   9886   5246    0    0    0 109.26   54.63   0.00  54.63  47.02  2.97 GHz
  Time    User  Nice   Sys  Idle    IO  Run Ctxt/s  IRQ/s Fork Exec Exit  Watts   pkg-0 uncore  pkg-0   core  CPU Freq
14:40:48   2.4   0.0   0.6  95.2   1.9    2  22982  12722    0    0    0 104.74   52.37   0.00  52.37  44.56  2.93 GHz
14:40:48   2.7   0.0   0.4  93.8   3.1    2   8870   4706    0    0    0 110.71   55.35   0.00  55.35  47.75  2.85 GHz
14:40:49   2.7   0.0   0.4  96.7   0.2    2   7648   4288    0    0    0 111.57   55.78   0.00  55.78  48.17  3.02 GHz
14:40:49   2.7   0.0   0.4  96.7   0.2    2   5952   3632    0    0    0 112.35   56.18   0.00  56.18  48.58  2.95 GHz
14:40:50   2.6   0.0   0.3  96.9   0.2    2   6928   3976    0    0    0 110.72   55.36   0.00  55.36  47.76  2.92 GHz
14:40:50   2.7   0.0   0.3  96.8   0.2    2   5812   3514    0    0    0 112.20   56.10   0.00  56.10  48.49  2.98 GHz
14:40:51   2.6   0.0   0.5  96.7   0.2    2   6170   3696    0    0    0 111.04   55.52   0.00  55.52  47.91  2.96 GHz
14:40:51   2.3   0.0   0.6  96.6   0.5    3   9374   5522    0    0    0 102.44   51.22   0.00  51.22  43.55  3.04 GHz
14:40:52   2.3   0.0   0.7  93.6   3.5    2  14412   9090    0    0    0  96.88   48.44   0.00  48.44  40.73  2.87 GHz
14:40:52   2.6   0.0   0.4  95.7   1.3    3   7288   4032    0    0    0 112.26   56.13   0.00  56.13  48.51  2.83 GHz
14:40:53   2.7   0.0   0.5  96.6   0.2    2   5162   3178    0    0    0 110.03   55.02   0.00  55.02  47.41  3.04 GHz
14:40:53   2.7   0.0   0.3  96.8   0.2    1   6470   3800    0    0    0 109.86   54.93   0.00  54.93  47.34  3.09 GHz
14:40:54   2.6   0.0   0.4  96.8   0.2    2   5498   3284    0    0    0 108.82   54.41   0.00  54.41  46.79  2.96 GHz
14:40:54   2.7   0.0   0.3  96.8   0.2    2   4356   2748    0    0    0 110.72   55.36   0.00  55.36  47.76  2.98 GHz
14:40:55   2.8   0.0   0.2  96.9   0.2    2   6190   3572    0    0    0 109.93   54.97   0.00  54.97  47.37  2.96 GHz
14:40:55   4.6   0.0   0.4  94.8   0.2    3   5118   3440    1    0    0 141.78   70.89   0.00  70.89  63.39  3.11 GHz
14:40:56   6.3   0.0   0.1  93.5   0.1    3   1984   1982    1    0    0 170.47   85.24   0.00  85.24  77.88  3.08 GHz
14:40:56   6.3   0.0   0.0  93.7   0.0    3   2364   2318    0    0    0 170.90   85.45   0.00  85.45  78.16  3.17 GHz
14:40:57   6.1   0.0   0.1  93.7   0.1    3   2296   2222    0    0    0 171.00   85.50   0.00  85.50  78.20  3.12 GHz
14:40:57   6.3   0.0   0.1  93.7   0.0    3   2360   2158    0    0    0 169.82   84.91   0.00  84.91  77.63  3.09 GHz
14:40:58   6.1   0.0   0.2  93.6   0.1    3   2312   2184    0    0    0 170.70   85.35   0.00  85.35  78.01  3.07 GHz
14:40:58   6.2   0.0   0.1  93.7   0.0    3   2296   2188    0    0    0 170.72   85.36   0.00  85.36  78.06  3.15 GHz
14:40:59   6.2   0.0   0.1  93.6   0.1    3   2312   2178    0    0    0 170.69   85.34   0.00  85.34  78.00  3.13 GHz
  Time    User  Nice   Sys  Idle    IO  Run Ctxt/s  IRQ/s Fork Exec Exit  Watts   pkg-0 uncore  pkg-0   core  CPU Freq
14:40:59   6.2   0.0   0.1  93.7   0.0    3   2388   2184    0    0    0 170.67   85.34   0.00  85.34  78.02  3.09 GHz
14:41:00   6.2   0.0   0.1  93.6   0.1    3   2244   2248    0    0    0 170.56   85.28   0.00  85.28  78.00  3.09 GHz
14:41:00   6.1   0.0   0.1  93.7   0.1    3   2432   2208    0    0    0 170.68   85.34   0.00  85.34  77.86  3.16 GHz
14:41:01   6.2   0.0   0.3  93.6   0.0    3   2388   2212    0    0    0 170.47   85.23   0.00  85.23  77.97  3.14 GHz
14:41:01   6.3   0.0   0.0  93.7   0.1    3   2282   2110    0    0    0 168.48   84.24   0.00  84.24  76.85  3.07 GHz
14:41:02   6.3   0.0   0.1  93.5   0.1    3   2308   2026    0    0    0 157.02   78.51   0.00  78.51  71.15  3.02 GHz
14:41:02   5.5   0.0   0.2  94.3   0.0    2   2406   2150    0    0    1 152.86   76.43   0.00  76.43  69.12  2.94 GHz
14:41:03   2.5   0.0   0.6  95.9   1.1    1  40764  19824    0    0    0 115.37   57.69   0.00  57.69  50.17  3.21 GHz
14:41:03   2.1   0.0   0.8  93.7   3.5    2  53960  20318    0    0    0  99.77   49.88   0.00  49.88  42.09  2.99 GHz
14:41:04   2.7   0.0   0.3  95.4   1.6    2   9936   5660    0    0    0 116.44   58.22   0.00  58.22  50.52  3.01 GHz
14:41:04   2.5   0.0   0.6  96.6   0.3    3  20008  10422    0    0    0 114.32   57.16   0.00  57.16  49.42  3.09 GHz
14:41:05   5.5   0.0   0.5  93.8   0.2    3  17008   8760    1    0    0 156.78   78.39   0.00  78.39  70.89  3.12 GHz
14:41:05   6.0   0.0   0.3  93.6   0.1    3   2468   2204    0    0    0 168.54   84.17   0.00  84.37  77.02  3.08 GHz
14:41:06   6.1   0.0   0.3  93.6   0.1    3   2268   2180    0    0    0 167.50   83.85   0.00  83.65  76.31  3.20 GHz
14:41:06   6.1   0.0   0.3  93.6   0.1    3   2312   2230    0    0    0 167.70   83.85   0.00  83.85  76.52  3.17 GHz
14:41:07   6.1   0.0   0.2  93.7   0.0    3   2314   2244    0    0    0 165.25   82.63   0.00  82.63  75.27  3.08 GHz
14:41:07   6.0   0.0   0.3  93.7   0.1    3   2320   2252    0    0    0 167.83   83.91   0.00  83.91  76.72  3.11 GHz
14:41:08   6.1   0.0   0.3  93.6   0.1    3   2352   2228    0    0    0 168.25   84.13   0.00  84.13  76.54  3.15 GHz
14:41:08   6.0   0.0   0.3  93.6   0.1    3   2380   2222    0    0    0 168.33   84.16   0.00  84.16  76.76  3.18 GHz
14:41:09   6.1   0.0   0.2  93.7   0.1    3   2274   2212    0    0    0 168.15   84.08   0.00  84.08  76.70  3.14 GHz
14:41:09   6.1   0.0   0.3  93.6   0.1    3   2280   2172    0    0    0 168.72   84.25   0.00  84.47  77.17  3.12 GHz
14:41:10   6.1   0.0   0.3  93.6   0.1    3   2404   2106    0    0    0 156.64   78.43   0.00  78.21  70.73  3.15 GHz
14:41:10   6.1   0.0   0.2  93.7   0.1    3   2280   2156    0    0    0 164.44   82.22   0.00  82.22  74.90  3.10 GHz
  Time    User  Nice   Sys  Idle    IO  Run Ctxt/s  IRQ/s Fork Exec Exit  Watts   pkg-0 uncore  pkg-0   core  CPU Freq
14:41:11   6.1   0.0   0.2  93.6   0.1    3   2328   2204    0    0    0 168.06   84.03   0.00  84.03  76.69  3.16 GHz
14:41:11   6.1   0.0   0.3  93.6   0.1    3   2306   2256    0    0    0 169.09   84.54   0.00  84.54  77.20  3.08 GHz
14:41:12   6.1   0.0   0.2  93.7   0.0    3   2240   2214    0    0    0 168.70   84.35   0.00  84.35  77.09  3.15 GHz
14:41:12   6.1   0.0   0.3  93.6   0.1    3   2360   2170    0    0    0 168.85   84.43   0.00  84.43  77.23  3.09 GHz
14:41:13   6.1   0.0   0.2  93.6   0.1    3   2326   2198    0    0    0 165.59   82.79   0.00  82.79  75.08  3.10 GHz
14:41:13   6.0   0.0   0.3  93.5   0.2    3   2276   2198    0    0    0 168.41   84.20   0.00  84.20  76.78  3.10 GHz
14:41:14   6.1   0.0   0.3  93.5   0.1    3   2280   2186    0    0    0 168.24   84.12   0.00  84.12  76.68  3.15 GHz
14:41:14   5.8   0.0   0.4  93.5   0.2    3   2262   2184    0    0    0 169.18   84.59   0.00  84.59  77.23  3.14 GHz
14:41:15   6.0   0.0   0.4  92.9   0.6    3   2298   3528    0    0    0 172.76   86.38   0.00  86.38  78.84  3.29 GHz
14:41:15   6.1   0.0   0.4  93.4   0.1    3   2332   2168    0    0    0 159.23   79.61   0.00  79.61  72.23  3.07 GHz
14:41:16   6.1   0.0   0.4  93.4   0.1    3   2452   2216    1    0    1 158.90   79.45   0.00  79.45  72.15  3.06 GHz
14:41:16   3.4   0.0   0.3  96.0   0.3    2   5918   3798    0    0    1 125.92   62.96   0.00  62.96  55.36  3.10 GHz
14:41:17   2.6   0.0   0.4  96.7   0.2    2   8078   4702    0    0    0 119.33   59.67   0.00  59.67  51.87  3.01 GHz
14:41:17   2.6   0.0   0.4  96.8   0.2    2   9500   5624    0    0    0 114.64   57.32   0.00  57.32  49.72  2.96 GHz
14:41:18   2.0   0.0   0.9  96.4   0.7    2  15414   8554    0    0    0 103.96   51.98   0.00  51.98  43.96  3.18 GHz
14:41:18   0.8   0.0   1.0  93.7   4.6    1  19824  15262    0    0    0  62.35   31.18   0.00  31.18  22.97  3.05 GHz
14:41:19   1.8   0.0   0.9  93.6   3.8    2  35012  19360    0    0    0  87.00   43.50   0.00  43.50  35.60  2.98 GHz
14:41:19   3.1   0.0   0.9  93.3   2.7    3  15264   8548    1    0    0 122.21   61.10   0.00  61.10  53.45  3.06 GHz
14:41:20   6.1   0.0   0.1  93.7   0.1    3   2318   2274    0    0    0 168.66   84.33   0.00  84.33  77.07  3.11 GHz
14:41:20   6.2   0.0   0.1  93.6   0.1    3   2368   2248    0    0    0 169.37   84.69   0.00  84.69  77.41  3.10 GHz
14:41:21   6.2   0.0   0.1  93.6   0.1    3   2268   2036    0    0    0 164.69   82.34   0.00  82.34  75.10  3.07 GHz
14:41:21   6.3   0.0   0.1  93.4   0.2    3   2310   1964    0    0    0 157.53   78.76   0.00  78.76  71.46  3.08 GHz
14:41:22   6.3   0.0   0.0  93.6   0.1    3   2266   2024    0    0    0 157.16   78.58   0.00  78.58  71.38  3.07 GHz
  Time    User  Nice   Sys  Idle    IO  Run Ctxt/s  IRQ/s Fork Exec Exit  Watts   pkg-0 uncore  pkg-0   core  CPU Freq
14:41:22   6.3   0.0   0.1  93.4   0.2    3   2300   2000    0    0    0 158.09   79.05   0.00  79.05  71.77  3.01 GHz
14:41:23   6.3   0.0   0.1  93.5   0.1    3   2316   1926    0    0    0 158.03   79.02   0.00  79.02  71.70  2.89 GHz
14:41:23   6.3   0.0   0.1  93.5   0.1    3   2322   2042    0    0    0 158.03   79.02   0.00  79.02  71.81  3.03 GHz
14:41:24   6.2   0.0   0.2  93.4   0.2    3   2234   2064    0    0    0 158.35   79.18   0.00  79.18  71.85  3.06 GHz
14:41:24   6.4   0.0   0.1  93.2   0.3    3   2364   2180    0    0    0 167.72   83.86   0.00  83.86  76.45  3.08 GHz
14:41:25   6.3   0.0   0.2  93.3   0.3    3   2300   2260    0    0    0 173.19   86.59   0.00  86.59  79.31  2.98 GHz
14:41:25   6.2   0.0   0.2  93.6   0.1    3   2300   2238    0    0    0 173.31   86.65   0.00  86.65  79.25  3.09 GHz
14:41:26   6.3   0.0   0.0  93.6   0.1    3   2284   2246    0    0    0 173.56   86.78   0.00  86.78  79.37  3.08 GHz
14:41:26   6.1   0.0   0.1  93.6   0.2    3   2242   2250    0    0    0 173.36   86.68   0.00  86.68  79.47  3.03 GHz
14:41:27   6.1   0.0   0.2  93.6   0.1    3   2196   2216    0    0    0 175.19   87.60   0.00  87.60  80.35  3.03 GHz
14:41:27   3.1   0.0   0.3  96.3   0.3    2   3876   2822    0    0    1 122.61   61.25   0.00  61.36  53.92  2.97 GHz
14:41:28   2.6   0.0   0.4  96.7   0.3    2  10576   5982    0    0    0 113.98   57.04   0.00  56.94  49.19  2.95 GHz
14:41:28   2.4   0.0   0.5  96.8   0.3    2  11308   6416    0    0    0 115.85   57.93   0.00  57.93  50.15  2.86 GHz
14:41:29   1.9   0.0   0.8  96.4   0.8    2  41126  19556    0    0    0 100.13   50.06   0.00  50.06  42.24  2.70 GHz
14:41:29   0.2   0.0   0.2  99.5   0.1    1   2172   1520    0    0    0  17.23    8.60   0.00   8.63   1.65  2.89 GHz
14:41:30   0.6   0.0   0.6  98.5   0.2    3   2172   1560    1    0    1  21.39   10.71   0.00  10.68   3.86  2.90 GHz
14:41:30   6.2   0.0   0.1  93.4   0.3    3   1590   1680    0    0    0 163.67   81.83   0.00  81.83  74.29  3.06 GHz
14:41:31   6.2   0.0   0.2  93.4   0.2    3   1580   1678    0    0    0 168.03   84.01   0.00  84.01  76.63  3.09 GHz
14:41:31   6.2   0.0   0.2  93.4   0.3    3   1566   1680    0    0    0 169.19   84.60   0.00  84.60  77.25  3.11 GHz
14:41:32   6.3   0.0   0.1  93.3   0.3    3   1516   1644    0    0    0 169.64   84.82   0.00  84.82  77.35  3.11 GHz
14:41:32   6.3   0.0   0.4  92.1   1.3    3  37370  19462    0    0    0 169.51   84.76   0.00  84.76  77.00  3.11 GHz
14:41:33   6.3   0.0   0.2  90.4   3.1    3   3718   2384    0    0    0 170.57   85.29   0.00  85.29  77.49  2.86 GHz
14:41:33   6.2   0.0   0.2  93.2   0.3    3   1714   1678    0    0    0 171.35   85.68   0.00  85.68  78.19  3.12 GHz
  Time    User  Nice   Sys  Idle    IO  Run Ctxt/s  IRQ/s Fork Exec Exit  Watts   pkg-0 uncore  pkg-0   core  CPU Freq
14:41:34   6.2   0.0   0.3  93.4   0.1    3   1492   1632    0    0    0 171.46   85.63   0.00  85.83  78.37  3.12 GHz
14:41:34   6.1   0.0   0.3  93.6   0.1    3   1472   1602    0    0    0 170.39   85.24   0.00  85.15  77.77  3.11 GHz
14:41:35   6.3   0.0   0.2  93.3   0.2    3   1496   1652    0    0    0 170.90   85.51   0.00  85.39  77.93  3.12 GHz
14:41:35   6.3   0.0   0.1  93.6   0.1    4   1518   1644    0    0    0 171.31   85.65   0.00  85.65  78.22  3.12 GHz
14:41:36   6.3   0.0   0.1  93.4   0.2    3   1576   1682    1    0    1 170.51   85.25   0.00  85.25  77.87  3.10 GHz
14:41:36   6.3   0.0   0.2  93.4   0.1    3   1594   1668    0    0    0 170.76   85.38   0.00  85.38  77.85  3.11 GHz
14:41:37   6.3   0.0   0.1  93.4   0.2    3   1528   1632    0    0    0 170.55   85.28   0.00  85.28  77.86  3.04 GHz
14:41:37   6.3   0.0   0.1  93.5   0.1    3   1560   1678    0    0    0 170.90   85.45   0.00  85.45  77.92  3.04 GHz
14:41:38   6.1   0.0   0.2  93.6   0.1    3   1516   1608    0    0    0 170.95   85.48   0.00  85.48  77.97  3.20 GHz
14:41:38   6.1   0.0   0.2  93.3   0.3    3   1514   1626    0    0    0 170.08   85.04   0.00  85.04  77.59  3.13 GHz
14:41:39   6.2   0.0   0.2  93.4   0.2    3   1444   1584    0    0    0 170.72   85.36   0.00  85.36  77.89  3.11 GHz
14:41:39   6.2   0.0   0.2  93.5   0.1    3   1536   1656    0    0    0 170.96   85.48   0.00  85.48  78.05  3.11 GHz
14:41:40   6.3   0.0   0.2  93.3   0.2    3   1516   1642    0    0    0 170.72   85.36   0.00  85.36  77.97  3.01 GHz
14:41:40   6.2   0.0   0.2  93.3   0.2    3   1700   1710    0    0    0 170.01   85.00   0.00  85.00  77.48  3.11 GHz
14:41:41   6.2   0.0   0.3  93.4   0.1    3   1552   1640    0    0    0 170.77   85.38   0.00  85.38  77.94  3.12 GHz
14:41:41   6.3   0.0   0.1  93.5   0.2    3   1524   1602    0    0    0 171.66   85.83   0.00  85.83  78.40  3.09 GHz
14:41:42   6.2   0.0   0.2  93.4   0.1    3   1440   1602    0    0    0 171.14   85.57   0.00  85.57  78.14  3.12 GHz
14:41:42   6.1   0.0   0.3  93.4   0.2    3   1508   1608    0    0    0 171.00   85.50   0.00  85.50  78.06  3.11 GHz
14:41:43   6.1   0.0   0.3  93.4   0.2    3   1530   1658    0    0    0 171.32   85.66   0.00  85.66  78.26  2.94 GHz
14:41:43   6.2   0.0   0.1  93.5   0.2    3   1556   1644    0    0    0 171.61   85.80   0.00  85.80  78.18  3.11 GHz
14:41:44   6.2   0.0   0.2  93.5   0.1    3   1464   1630    0    0    0 171.00   85.50   0.00  85.50  78.09  3.20 GHz
14:41:44   6.1   0.0   0.3  93.4   0.3    3   1548   1662    0    0    0 169.87   84.94   0.00  84.94  77.50  3.04 GHz
14:41:45   6.3   0.0   0.0  93.6   0.1    3   1528   1686    0    0    0 171.63   85.82   0.00  85.82  78.32  3.07 GHz
  Time    User  Nice   Sys  Idle    IO  Run Ctxt/s  IRQ/s Fork Exec Exit  Watts   pkg-0 uncore  pkg-0   core  CPU Freq
14:41:45   6.3   0.0   0.2  93.4   0.1    3   1508   1622    0    0    0 170.87   85.44   0.00  85.44  78.07  3.13 GHz
14:41:46   6.3   0.0   0.3  92.9   0.6    3   1630   4020    0    0    0 170.13   85.07   0.00  85.07  77.28  3.21 GHz
14:41:46   6.2   0.0   0.1  93.6   0.1    3   1436   1600    0    0    0 171.04   85.52   0.00  85.52  78.10  3.13 GHz
14:41:47   6.2   0.0   0.3  93.4   0.2    3   2070   1648    0    0    0 171.58   85.79   0.00  85.79  78.39  3.15 GHz
14:41:47   6.2   0.0   0.1  93.4   0.3    4   1480   1642    0    0    0 172.35   86.17   0.00  86.17  78.68  3.05 GHz
14:41:48   6.1   0.0   0.2  93.4   0.3    3   1094   1420    0    0    0 172.16   86.08   0.00  86.08  78.61  3.11 GHz
14:41:48   6.1   0.0   0.1  93.4   0.4    3   1256   1460    0    0    0 172.17   86.09   0.00  86.09  78.68  3.04 GHz
14:41:49   6.2   0.0   0.2  93.4   0.2    3   1118   1436    0    0    0 172.14   86.01   0.00  86.13  78.60  3.12 GHz
14:41:49   6.3   0.0   0.1  93.5   0.2    3   1106   1408    0    0    0 172.21   86.17   0.00  86.04  78.64  3.12 GHz
14:41:50   6.2   0.0   0.1  93.4   0.2    3   1084   1414    0    0    0 172.22   86.11   0.00  86.11  78.70  3.10 GHz
14:41:50   6.3   0.0   0.1  93.4   0.3    3   1120   1422    0    0    0 172.11   86.05   0.00  86.05  78.57  3.17 GHz
14:41:51   6.2   0.0   0.1  93.5   0.2    3   1168   1456    0    0    0 171.52   85.76   0.00  85.76  78.31  3.10 GHz
14:41:51   6.2   0.0   0.1  93.4   0.2    3   1168   1492    0    0    0 171.85   85.93   0.00  85.93  78.53  3.10 GHz
14:41:52   6.3   0.0   0.1  93.4   0.2    3   1084   1418    0    0    0 172.18   86.09   0.00  86.09  78.63  3.10 GHz
14:41:52   6.2   0.0   0.1  93.4   0.2    3   1132   1390    0    0    0 172.28   86.14   0.00  86.14  78.72  2.99 GHz
14:41:53   6.2   0.0   0.1  93.4   0.2    3   1076   1428    0    0    0 172.11   86.06   0.00  86.06  78.69  3.06 GHz
14:41:53   6.2   0.0   0.2  93.4   0.1    3   1100   1398    0    0    0 172.87   86.43   0.00  86.43  78.72  3.12 GHz
14:41:54   6.3   0.0   0.2  93.4   0.1    3   1064   1428    0    0    0 172.42   86.13   0.00  86.29  78.81  3.17 GHz
14:41:54   6.3   0.0   0.3  93.3   0.1    3   1060   1378    0    0    0 173.02   86.59   0.00  86.43  78.95  3.10 GHz
14:41:55   6.6   0.0   0.2  93.1   0.1    3   1156   1436    0    0    0 174.19   87.10   0.00  87.10  79.43  3.11 GHz
14:41:55   6.2   0.0   0.1  93.6   0.1    3   1170   1452    0    0    0 172.68   86.34   0.00  86.34  78.92  3.05 GHz
14:41:56   6.1   0.0   0.1  93.7   0.1    3   1554   1690    1    0    0 172.36   86.18   0.00  86.18  78.48  3.09 GHz
14:41:56   6.2   0.0   0.2  93.4   0.1    3   1932   2072    0    0    0 172.60   86.30   0.00  86.30  78.73  3.12 GHz
  Time    User  Nice   Sys  Idle    IO  Run Ctxt/s  IRQ/s Fork Exec Exit  Watts   pkg-0 uncore  pkg-0   core  CPU Freq
14:41:57   6.2   0.0   0.1  93.6   0.1    3   1912   2006    0    0    0 172.45   86.23   0.00  86.23  78.68  3.11 GHz
14:41:57   6.2   0.0   0.2  93.4   0.2    3   1848   2016    0    0    0 172.33   86.16   0.00  86.16  78.71  3.07 GHz
14:41:58   6.1   0.0   0.3  93.6   0.1    3   1860   2024    0    0    0 173.50   86.75   0.00  86.75  79.23  3.01 GHz
14:41:58   6.0   0.0   0.3  93.4   0.4    3   1852   2000    0    0    0 169.07   84.54   0.00  84.54  77.11  3.15 GHz
14:41:59   6.2   0.0   0.1  93.6   0.1    3   1876   2018    0    0    0 171.12   85.56   0.00  85.56  78.10  3.08 GHz
14:41:59   6.2   0.0   0.1  93.7   0.1    3   1902   2058    0    0    0 171.04   85.52   0.00  85.52  78.02  3.09 GHz
14:42:00   6.3   0.0   0.1  93.6   0.1    3   2068   2142    0    0    0 170.85   85.43   0.00  85.43  78.17  3.11 GHz
14:42:00   6.2   0.0   0.2  93.5   0.1    3   2260   2218    0    0    0 172.14   86.07   0.00  86.07  78.39  3.10 GHz
14:42:01   6.3   0.0   0.1  93.5   0.1    4   2316   2230    0    0    0 172.84   86.42   0.00  86.42  78.91  3.03 GHz
14:42:01   6.1   0.0   1.0  91.2   1.8    3   4056   9220    0    0    0 170.05   85.03   0.00  85.03  76.93  3.12 GHz
14:42:02   6.1   0.0   0.1  93.6   0.1    3   1854   2034    0    0    0 173.16   86.58   0.00  86.58  79.19  3.10 GHz
14:42:02   6.2   0.0   0.1  93.6   0.1    3   1832   2014    0    0    0 173.10   86.48   0.00  86.62  79.34  3.03 GHz
14:42:03   3.2   0.0   0.4  96.2   0.1    2   2380   2062    0    0    1 124.84   62.49   0.00  62.35  54.90  3.00 GHz
14:42:03   2.6   0.0   0.4  96.8   0.3    2   7024   4224    0    0    0 118.77   59.39   0.00  59.39  51.57  2.93 GHz
14:42:04   2.5   0.0   0.6  96.3   0.6    2   8236   4754    0    0    0 115.68   57.84   0.00  57.84  50.04  2.90 GHz
14:42:04   2.6   0.0   0.4  96.9   0.1    2   5148   3424    0    0    0 115.20   57.60   0.00  57.60  49.79  3.01 GHz
14:42:05   2.8   0.0   0.6  96.4   0.2    2   7058   4564    0    0    0 117.91   58.95   0.00  58.95  51.14  2.87 GHz
14:42:05   2.6   0.0   0.4  96.9   0.2    2   5560   3792    0    0    0 117.68   58.84   0.00  58.84  51.02  2.86 GHz
14:42:06   2.5   0.0   0.5  96.8   0.2    1   5968   4016    0    0    0 117.76   58.88   0.00  58.88  51.05  2.81 GHz
14:42:06   2.9   0.0   1.3  95.2   0.6    3   5764   5572    1    0    0 116.44   58.22   0.00  58.22  50.37  3.09 GHz
14:42:07   6.2   0.0   0.1  93.5   0.1    3   2286   2138    0    0    0 170.54   85.27   0.00  85.27  77.99  3.07 GHz
14:42:07   6.2   0.0   0.2  93.4   0.3    3   2322   2184    0    0    0 171.17   85.58   0.00  85.58  78.26  3.21 GHz
14:42:08   6.3   0.0   0.1  93.6   0.1    3   2264   2132    0    0    0 169.54   84.77   0.00  84.77  77.41  3.03 GHz
  Time    User  Nice   Sys  Idle    IO  Run Ctxt/s  IRQ/s Fork Exec Exit  Watts   pkg-0 uncore  pkg-0   core  CPU Freq
14:42:08   6.0   0.0   0.3  93.6   0.1    3   2350   2198    0    0    0 169.28   84.64   0.00  84.64  77.33  3.00 GHz
14:42:09   6.2   0.0   0.2  93.4   0.2    3   2336   2192    0    0    0 170.52   85.26   0.00  85.26  77.91  3.09 GHz
14:42:09   6.1   0.0   0.1  93.6   0.1    3   2306   2144    0    0    0 171.73   85.87   0.00  85.87  78.51  3.15 GHz
14:42:10   6.3   0.0   0.1  93.5   0.2    3   2268   2166    0    0    0 171.57   85.78   0.00  85.78  78.50  3.10 GHz
14:42:10   6.1   0.0   0.1  93.5   0.2    3   2358   2182    0    0    0 171.31   85.66   0.00  85.66  78.28  3.08 GHz
14:42:11   6.1   0.0   0.2  93.5   0.1    3   2402   2168    0    0    0 169.71   84.85   0.00  84.85  77.53  2.97 GHz
14:42:11   6.3   0.0   0.1  93.3   0.3    5   2374   2240    0    0    0 172.22   86.11   0.00  86.11  78.68  3.02 GHz
14:42:12   6.1   0.0   0.4  92.2   1.2    3   2372   6006    0    0    0 169.56   84.78   0.00  84.78  76.94  3.07 GHz
14:42:12   6.2   0.0   0.1  93.6   0.1    3   2346   2182    0    0    0 171.35   85.67   0.00  85.67  78.45  3.06 GHz
14:42:13   6.1   0.0   0.1  93.7   0.1    3   2308   2176    0    0    0 170.99   85.49   0.00  85.49  77.97  3.08 GHz
14:42:13   6.1   0.0   0.2  93.6   0.1    3   2228   2136    0    0    0 171.43   85.72   0.00  85.72  78.38  3.02 GHz
14:42:14   6.1   0.0   0.3  93.4   0.3    3   2310   2144    0    0    0 173.41   86.71   0.00  86.71  79.39  3.09 GHz
14:42:14   6.1   0.0   0.3  93.5   0.1    3   2270   2024    0    0    0 169.65   84.82   0.00  84.82  77.42  3.15 GHz
14:42:15   3.0   0.0   0.4  96.4   0.2    2   5436   3682    0    0    1 121.23   60.61   0.00  60.61  53.02  2.97 GHz
14:42:15   2.1   0.0   0.8  95.8   1.3    2  57170  29608    0    0    0 105.68   52.84   0.00  52.84  44.94  3.07 GHz
14:42:16   0.5   0.0   1.0  95.1   3.5    1  56788  31736    1    0    1  60.11   30.06   0.00  30.06  21.77  2.95 GHz
14:42:16   2.0   0.0   0.6  93.7   3.6    1  16218   9886    0    0    0  97.02   48.51   0.00  48.51  40.57  2.93 GHz
14:42:17   2.6   0.0   0.6  95.6   1.3    2  10702   6186    0    0    0 113.60   56.80   0.00  56.80  49.02  2.83 GHz
14:42:17   5.1   0.0   0.5  93.9   0.5    3  24726  11148    1    0    0 155.35   77.67   0.00  77.67  70.06  3.01 GHz
14:42:18   6.1   0.0   0.2  93.7   0.1    3   2244   2212    0    0    0 169.70   84.85   0.00  84.85  77.44  3.07 GHz
14:42:18   6.1   0.0   0.2  93.6   0.1    3   2288   2216    0    0    0 168.85   84.42   0.00  84.42  76.96  3.01 GHz
14:42:19   6.3   0.0   0.1  93.7   0.0    3   2224   2216    0    0    0 169.76   84.88   0.00  84.88  77.43  3.10 GHz
14:42:19   6.1   0.0   0.1  93.6   0.1    3   2326   2262    0    0    0 169.58   84.79   0.00  84.79  77.22  3.12 GHz
  Time    User  Nice   Sys  Idle    IO  Run Ctxt/s  IRQ/s Fork Exec Exit  Watts   pkg-0 uncore  pkg-0   core  CPU Freq
14:42:20   6.1   0.0   0.1  93.6   0.1    3   2204   2204    0    0    0 170.49   85.24   0.00  85.24  77.75  3.09 GHz
14:42:20   4.9   0.0   0.3  94.6   0.2    2   2420   2226    0    0    1 152.85   76.42   0.00  76.42  68.98  2.96 GHz
14:42:21   1.6   0.0   0.4  97.6   0.3    1  10572   5716    0    0    0  80.05   40.02   0.00  40.02  32.36  2.75 GHz
14:42:21   0.1   0.0   0.3  99.6   0.1    1   2374   1616    0    0    0  18.39    9.20   0.00   9.20   2.00  2.70 GHz
14:42:22   2.3   0.0   0.3  97.2   0.2    3   2372   1946    1    0    0  71.27   35.64   0.00  35.64  28.31  3.05 GHz
14:42:22   6.1   0.0   0.2  93.5   0.1    3   2268   2274    0    0    0 166.85   83.43   0.00  83.43  75.93  3.01 GHz
14:42:23   6.3   0.0   0.0  93.6   0.1    3   2232   2242    0    0    0 170.31   85.16   0.00  85.16  77.77  3.07 GHz
14:42:23   6.1   0.0   0.2  93.5   0.2    3   2364   2284    0    0    0 170.07   85.03   0.00  85.03  77.62  3.05 GHz
14:42:24   6.1   0.0   0.2  93.5   0.1    3   2228   2250    0    0    0 170.63   85.17   0.00  85.46  77.96  3.07 GHz
14:42:24   6.1   0.0   0.2  93.6   0.1    3   2312   2270    0    0    0 169.79   85.04   0.00  84.75  77.33  3.09 GHz
14:42:25   6.1   0.0   0.2  93.4   0.3    3   2264   2276    0    0    0 171.74   85.87   0.00  85.87  78.34  3.08 GHz
14:42:25   6.3   0.0   0.1  93.5   0.2    3   2216   2240    0    0    0 171.27   85.63   0.00  85.63  78.13  3.00 GHz
14:42:26   6.3   0.0   0.1  93.4   0.3    3   2388   2294    0    0    0 171.94   85.97   0.00  85.97  78.52  3.12 GHz
14:42:26   6.2   0.0   0.1  93.4   0.4    3   2280   2260    0    0    0 169.74   84.87   0.00  84.87  77.35  3.07 GHz
14:42:27   6.1   0.0   0.2  93.5   0.1    3   2280   2258    0    0    0 169.64   84.82   0.00  84.82  77.20  3.01 GHz
14:42:27   6.2   0.0   0.3  92.5   1.0    3   2432   4660    0    0    0 165.10   82.47   0.00  82.63  74.81  2.94 GHz
14:42:28   6.2   0.0   0.1  93.6   0.1    3   2286   2266    0    0    0 169.98   85.07   0.00  84.91  77.85  3.08 GHz
14:42:28   6.2   0.0   0.1  93.4   0.3    3   2274   2270    0    0    0 171.67   85.84   0.00  85.84  78.02  3.08 GHz
14:42:29   6.2   0.0   0.2  93.4   0.3    3   2320   2340    0    0    0 172.32   86.16   0.00  86.16  78.65  3.00 GHz
14:42:29   6.3   0.0   0.4  90.3   3.0    3  56380  30320    0    0    0 168.36   84.18   0.00  84.18  76.12  2.88 GHz
14:42:30   6.2   0.0   0.3  91.0   2.6    3   4366   3086    0    0    0 164.36   82.18   0.00  82.18  74.32  3.05 GHz
14:42:30   6.1   0.0   0.3  93.6   0.1    3   2224   2216    0    0    0 171.61   85.80   0.00  85.80  78.38  3.06 GHz
14:42:31   6.1   0.0   0.3  93.4   0.3    3   2300   2286    0    0    0 171.39   85.70   0.00  85.70  78.18  3.07 GHz
  Time    User  Nice   Sys  Idle    IO  Run Ctxt/s  IRQ/s Fork Exec Exit  Watts   pkg-0 uncore  pkg-0   core  CPU Freq
14:42:31   6.2   0.0   0.1  93.5   0.2    3   2360   2318    0    0    0 171.70   85.85   0.00  85.85  78.37  3.06 GHz
14:42:32   6.2   0.0   0.2  93.4   0.2    3   2264   2234    0    0    0 170.96   85.37   0.00  85.59  78.16  3.22 GHz
14:42:32   6.2   0.0   0.1  93.4   0.4    3   2320   2266    0    0    0 171.77   86.00   0.00  85.78  78.29  3.10 GHz
14:42:33   6.2   0.0   0.2  93.4   0.2    3   2238   2292    0    0    0 173.11   86.55   0.00  86.55  78.98  2.93 GHz
14:42:33   6.3   0.0   0.2  93.4   0.2    3   2242   2226    0    0    0 171.88   85.94   0.00  85.94  78.51  3.08 GHz
14:42:34   6.3   0.0   0.1  93.3   0.4    3   2268   2200    0    0    0 171.61   85.80   0.00  85.80  78.32  3.09 GHz
14:42:34   6.0   0.0   0.3  93.5   0.2    3   2176   2134    0    0    0 171.27   85.54   0.00  85.73  78.15  3.18 GHz
14:42:35   6.2   0.0   0.1  93.4   0.3    3   2244   2228    0    0    0 170.60   85.39   0.00  85.21  77.66  3.12 GHz
14:42:35   6.2   0.0   0.2  93.3   0.3    3   2276   2248    0    0    0 171.48   85.74   0.00  85.74  78.27  3.05 GHz
14:42:36   6.1   0.0   0.3  93.2   0.3    3   2384   2332    1    0    1 170.29   85.14   0.00  85.14  77.58  3.17 GHz
14:42:36   6.1   0.0   0.2  93.5   0.2    3   2342   2228    0    0    0 172.27   86.13   0.00  86.13  78.68  3.01 GHz
14:42:37   6.0   0.0   0.3  93.5   0.3    3   2250   2222    0    0    0 172.32   86.16   0.00  86.16  78.83  2.94 GHz
14:42:37   6.2   0.0   0.2  93.3   0.3    3   2192   2174    0    0    0 173.50   86.75   0.00  86.75  79.34  3.15 GHz
14:42:38   6.2   0.0   0.1  93.5   0.2    3   2228   2194    0    0    0 173.21   86.61   0.00  86.61  79.22  3.07 GHz
14:42:38   3.1   0.0   0.4  96.0   0.4    1   3706   2726    0    0    1 123.51   61.75   0.00  61.75  54.16  2.98 GHz
14:42:39   2.2   0.0   0.6  96.8   0.4    2   7046   4298    0    0    0 106.80   53.40   0.00  53.40  45.58  2.88 GHz
14:42:39   2.5   0.0   0.4  96.8   0.3    1   8098   4794    0    0    0 111.29   55.64   0.00  55.64  47.87  2.99 GHz
14:42:40   2.3   0.0   0.6  96.5   0.6    1  34114  15698    0    0    0 110.14   55.07   0.00  55.07  47.22  3.25 GHz
14:42:40   5.3   0.0   0.7  93.7   0.4    3   3298   2560    1    0    0 157.51   78.76   0.00  78.76  71.23  3.10 GHz
14:42:41   6.2   0.0   0.1  93.5   0.2    3   2286   2288    0    0    0 171.24   85.62   0.00  85.62  78.17  3.08 GHz
14:42:41   6.1   0.0   0.3  93.4   0.2    3   2248   2242    0    0    0 171.74   85.87   0.00  85.87  78.45  3.03 GHz
14:42:42   3.9   0.0   0.5  95.2   0.4    2   3944   2922    0    0    1 138.87   69.43   0.00  69.43  61.86  2.77 GHz
14:42:42   1.6   0.0   0.5  97.3   0.7    1  18522   8850    0    0    0  79.50   39.75   0.00  39.75  31.98  2.89 GHz
  Time    User  Nice   Sys  Idle    IO  Run Ctxt/s  IRQ/s Fork Exec Exit  Watts   pkg-0 uncore  pkg-0   core  CPU Freq
14:42:43   0.2   0.0   0.3  99.3   0.3    1   2222   1654    0    0    0  18.50    9.25   0.00   9.25   2.02  2.63 GHz
14:42:43   1.8   0.0   0.3  97.9   0.1    3   2270   1818    1    0    0  56.09   28.04   0.00  28.04  20.74  3.07 GHz
14:42:44   6.1   0.0   0.2  93.4   0.3    3   2236   2218    0    0    0 169.85   84.92   0.00  84.92  77.52  3.01 GHz
14:42:44   6.2   0.0   0.1  93.5   0.3    3   2312   2198    0    0    0 170.41   85.21   0.00  85.21  77.79  3.07 GHz
14:42:45   6.2   0.0   0.1  93.5   0.1    3   2236   2254    0    0    0 171.58   85.79   0.00  85.79  78.47  3.11 GHz
14:42:45   6.1   0.0   0.1  93.4   0.4    3   2270   2256    0    0    0 171.75   85.88   0.00  85.88  78.55  3.09 GHz
14:42:46   6.1   0.0   0.2  93.5   0.3    3   2260   2256    0    0    0 172.15   86.07   0.00  86.07  78.62  3.11 GHz
14:42:46   6.1   0.0   0.1  93.5   0.2    3   2170   2232    0    0    0 171.55   85.77   0.00  85.77  78.40  3.03 GHz
14:42:47   6.1   0.0   0.2  93.4   0.3    3   2174   2228    0    0    0 172.65   86.32   0.00  86.32  78.99  3.09 GHz
14:42:47   6.1   0.0   0.3  93.4   0.3    3   2946   2300    0    0    0 173.59   86.72   0.00  86.87  79.24  3.13 GHz
14:42:48   6.0   0.0   0.4  93.4   0.3    4   2246   2244    0    0    0 172.30   86.23   0.00  86.07  78.78  3.07 GHz
14:42:48   6.0   0.0   0.3  93.5   0.2    3   2284   2262    0    0    0 176.40   88.20   0.00  88.20  80.69  2.93 GHz
14:42:49   3.3   0.0   0.3  95.3   1.1    2   6138   3878    0    0    1 125.80   62.90   0.00  62.90  55.31  2.81 GHz
14:42:49   2.4   0.0   0.3  96.8   0.5    2   8396   4964    0    0    0 108.48   54.24   0.00  54.24  46.45  2.90 GHz
14:42:50   2.3   0.0   0.4  96.8   0.5    2   8628   5038    0    0    0 107.25   53.62   0.00  53.62  45.83  2.90 GHz
14:42:50   4.0   0.0   0.6  94.4   0.9    3  25800  13344    1    0    0 124.80   62.40   0.00  62.40  54.75  3.04 GHz
14:42:51   6.1   0.0   0.2  93.5   0.2    3   2314   2262    0    0    0 168.84   84.42   0.00  84.42  76.97  3.11 GHz
14:42:51   6.2   0.0   0.1  93.4   0.3    3   2368   2706    0    0    0 170.22   85.11   0.00  85.11  77.68  2.99 GHz
14:42:52   6.3   0.0   0.1  93.4   0.2    3   2324   2288    0    0    0 168.60   84.30   0.00  84.30  76.90  3.08 GHz
14:42:52   6.2   0.0   0.1  93.4   0.3    3   2350   2242    0    0    0 172.51   86.25   0.00  86.25  78.84  3.05 GHz
14:42:53   6.1   0.0   0.2  93.6   0.1    3   2302   2276    0    0    0 172.95   86.48   0.00  86.48  79.18  2.87 GHz
14:42:53   6.2   0.0   0.1  93.5   0.2    3   2278   2200    0    0    0 173.02   86.51   0.00  86.51  79.35  3.07 GHz
14:42:54   6.2   0.0   0.2  93.4   0.2    3   2276   2124    0    0    0 167.03   83.51   0.00  83.51  75.95  3.00 GHz
  Time    User  Nice   Sys  Idle    IO  Run Ctxt/s  IRQ/s Fork Exec Exit  Watts   pkg-0 uncore  pkg-0   core  CPU Freq
14:42:54   6.3   0.0   0.1  93.5   0.1    3   2238   2138    0    0    0 168.14   84.07   0.00  84.07  76.81  3.07 GHz
14:42:55   6.1   0.0   0.3  93.5   0.2    3   2224   2274    0    0    0 173.29   86.64   0.00  86.64  79.24  3.11 GHz
14:42:55   6.1   0.0   0.2  93.5   0.2    3   2322   2284    0    0    0 172.95   86.48   0.00  86.48  79.05  3.09 GHz
14:42:56   6.1   0.0   0.1  93.5   0.2    3   2670   2480    1    0    0 172.82   86.41   0.00  86.41  79.11  3.04 GHz
14:42:56   6.2   0.0   0.3  93.4   0.2    3   3402   2926    0    0    0 172.96   86.48   0.00  86.48  78.92  3.00 GHz
14:42:57   6.3   0.0   0.3  92.5   0.9    3   3424   5564    0    0    0 166.31   83.15   0.00  83.15  75.40  2.96 GHz
14:42:57   6.1   0.0   0.3  93.5   0.1    3   3272   2942    0    0    0 168.45   84.15   0.00  84.30  76.98  3.00 GHz
14:42:58   6.2   0.0   0.1  93.5   0.1    3   3220   3006    0    0    0 172.34   86.24   0.00  86.10  78.79  3.05 GHz
14:42:58   6.2   0.0   0.3  93.4   0.2    3   3256   3002    0    0    0 172.70   86.35   0.00  86.35  78.96  2.95 GHz
14:42:59   6.3   0.0   0.1  93.5   0.2    3   2984   2880    0    0    0 173.07   86.53   0.00  86.53  79.07  3.06 GHz
14:42:59   6.2   0.0   0.3  93.4   0.1    3   2998   2872    0    0    0 173.25   86.62   0.00  86.62  79.27  3.10 GHz
14:43:00   6.2   0.0   0.5  93.1   0.2    4   3134   2872    0    0    0 177.01   88.50   0.00  88.50  80.97  3.10 GHz
14:43:00   5.5   0.0   0.6  93.8   0.2    2   3642   3012    0    0    1 164.61   82.30   0.00  82.30  74.77  2.96 GHz
14:43:01   2.6   0.0   0.4  96.8   0.2    2  10036   5836    0    0    0 116.21   58.11   0.00  58.11  50.30  2.97 GHz
14:43:01   2.7   0.0   0.4  96.6   0.3    2   8494   5296    0    0    0 116.31   58.16   0.00  58.16  50.36  2.94 GHz
14:43:02   1.1   0.0   1.1  94.0   3.8    2  31826  19750    0    0    0  68.51   34.26   0.00  34.26  26.14  2.75 GHz
14:43:02   2.3   0.0   0.8  93.7   3.2    3  22496  12764    0    0    0 108.03   54.02   0.00  54.02  46.10  2.94 GHz
14:43:03   2.5   0.0   0.8  95.2   1.4    3  25834  13162    1    0    0 116.63   58.31   0.00  58.31  50.50  3.04 GHz
14:43:03   6.2   0.0   0.3  93.6   0.0    3   3378   2972    0    0    0 166.01   83.00   0.00  83.00  75.42  3.04 GHz
14:43:04   6.0   0.0   0.3  93.6   0.1    3   3324   2826    0    0    0 162.64   81.32   0.00  81.32  73.87  3.02 GHz
14:43:04   6.2   0.0   0.4  93.4   0.1    3   3486   2736    0    0    0 156.50   78.25   0.00  78.25  70.65  3.02 GHz
14:43:05   6.1   0.0   0.2  93.6   0.1    3   3352   2802    0    0    0 163.86   81.93   0.00  81.93  74.48  2.97 GHz
14:43:05   6.0   0.0   0.5  93.4   0.1    3   3412   2924    0    0    0 170.24   85.12   0.00  85.12  77.56  2.99 GHz
  Time    User  Nice   Sys  Idle    IO  Run Ctxt/s  IRQ/s Fork Exec Exit  Watts   pkg-0 uncore  pkg-0   core  CPU Freq
14:43:06   2.1   0.0   0.8  96.7   0.4    2  11500   7038    0    0    1 111.14   55.57   0.00  55.57  47.88  2.99 GHz
14:43:06   1.6   0.0   1.1  96.4   1.0    2  48630  24360    0    0    0 108.35   54.17   0.00  54.17  46.22  2.99 GHz
14:43:07   0.1   0.0   0.3  99.4   0.1    1   3592   2466    0    0    0  22.77   11.38   0.00  11.38   4.08  2.83 GHz
14:43:07   0.3   0.0   0.2  99.4   0.1    1   3382   2424    0    0    0  18.51    9.25   0.00   9.27   2.03  2.82 GHz
14:43:08   5.6   0.0   0.6  93.7   0.2    3   3418   2872    1    0    0 157.40   78.71   0.00  78.69  71.08  3.06 GHz
14:43:08   6.0   0.0   0.5  90.9   2.6    3  21958  12018    0    0    0 170.39   85.20   0.00  85.20  77.16  2.99 GHz
14:43:09   6.0   0.0   0.3  92.6   1.1    4   4178   3212    0    0    0 167.58   83.79   0.00  83.79  75.98  2.98 GHz
14:43:09   6.0   0.0   0.4  93.4   0.1    3   3252   2880    0    0    0 173.99   87.00   0.00  87.00  79.30  3.01 GHz
14:43:10   5.8   0.0   0.8  93.3   0.2    3   3212   2852    0    0    0 174.04   87.02   0.00  87.02  79.43  2.99 GHz
14:43:10   5.9   0.0   0.5  93.4   0.2    3   3312   2880    0    0    0 174.30   87.15   0.00  87.15  79.50  3.21 GHz
14:43:11   5.8   0.0   0.6  93.4   0.2    3   3276   2862    0    0    0 174.96   87.48   0.00  87.48  79.82  3.04 GHz
14:43:11   4.7   0.0   0.7  94.4   0.2    2   4032   3292    0    0    1 157.45   78.73   0.00  78.73  71.25  2.93 GHz
14:43:12   2.6   0.0   0.6  96.7   0.2    2   7198   4610    0    0    0 121.19   60.59   0.00  60.59  52.71  3.16 GHz
14:43:12   2.6   0.0   0.6  96.2   0.5    2   8030   5082    0    0    0 118.47   59.23   0.00  59.23  51.33  2.94 GHz
14:43:13   0.8   0.0   0.6  98.2   0.4    2  28096  13168    0    0    0  59.28   29.64   0.00  29.64  22.04  2.76 GHz
14:43:13   0.1   0.0   0.1  99.6   0.1    1   3362   2392    0    0    0  18.45    9.22   0.00   9.22   2.10  2.75 GHz
14:43:14   3.8   0.0   0.2  95.9   0.2    3   3368   2770    1    0    0  97.08   48.54   0.00  48.54  41.21  3.11 GHz
14:43:14   6.1   0.0   0.3  93.5   0.1    3   3428   2958    0    0    0 168.38   84.19   0.00  84.19  76.75  3.20 GHz
14:43:15   6.2   0.0   0.3  93.3   0.3    3   3452   2952    2    0    2 167.06   83.53   0.00  83.53  76.03  3.10 GHz
14:43:15   6.2   0.0   0.3  93.4   0.2    3   3382   2918    0    0    0 169.69   84.84   0.00  84.84  77.26  2.97 GHz
14:43:16   6.3   0.0   0.2  93.4   0.1    3   3320   2880    0    0    0 170.29   85.15   0.00  85.15  77.82  3.12 GHz
14:43:16   6.5   0.0   0.4  92.9   0.2    3   4412   3450    2    2    1 173.49   86.75   0.00  86.75  79.13  3.04 GHz
14:43:17   6.1   0.0   0.3  93.5   0.1    3   3324   2868    0    0    0 170.55   85.20   0.00  85.34  77.91  3.05 GHz
  Time    User  Nice   Sys  Idle    IO  Run Ctxt/s  IRQ/s Fork Exec Exit  Watts   pkg-0 uncore  pkg-0   core  CPU Freq
14:43:17   6.1   0.0   0.3  93.5   0.2    3   3394   2862    0    0    0 171.36   85.66   0.00  85.70  78.34  2.98 GHz
14:43:18   6.1   0.0   0.3  93.4   0.2    3   3906   2956    0    0    0 171.16   85.67   0.00  85.49  78.02  3.08 GHz
14:43:18   6.1   0.0   0.3  93.4   0.1    3   3320   2890    0    0    0 170.63   85.32   0.00  85.32  77.89  3.13 GHz
14:43:19   6.2   0.0   0.1  93.5   0.2    3   3326   2920    0    0    0 170.86   85.43   0.00  85.43  78.06  2.98 GHz
14:43:19   6.3   0.0   0.3  93.3   0.2    3   3356   2874    0    0    0 170.40   85.20   0.00  85.20  77.75  3.12 GHz
14:43:20   6.3   0.0   0.3  93.3   0.1    3   3328   2900    0    0    0 171.51   85.75   0.00  85.75  78.28  3.11 GHz
14:43:20   6.1   0.0   0.3  93.5   0.1    3   3420   2928    0    0    0 171.71   85.85   0.00  85.85  78.48  3.15 GHz
14:43:21   6.3   0.0   0.4  93.1   0.3    3   3394   2920    0    0    0 171.42   85.71   0.00  85.71  78.24  3.03 GHz
14:43:21   6.3   0.0   0.3  93.2   0.3    3   3326   2902    0    0    0 172.98   86.49   0.00  86.49  78.93  3.13 GHz
14:43:22   6.3   0.0   0.6  90.5   2.5    3  39246  20912    0    0    0 172.27   86.14   0.00  86.14  78.32  3.04 GHz
14:43:22   6.0   0.0   0.5  92.6   0.9    3   4084   3190    0    0    0 169.62   84.81   0.00  84.81  77.34  3.05 GHz
14:43:23   6.1   0.0   0.4  93.3   0.2    4   3352   2990    0    0    0 175.22   87.61   0.00  87.61  80.23  3.01 GHz
14:43:23   3.8   0.0   0.8  95.3   0.2    2   5624   3954    0    0    1 137.34   68.67   0.00  68.67  61.10  3.05 GHz
14:43:24   2.7   0.0   0.3  96.8   0.3    2  10732   6170    0    0    0 118.24   59.12   0.00  59.12  51.25  3.12 GHz
14:43:24   2.7   0.0   0.5  96.6   0.2    2   9794   5702    0    0    0 119.29   59.64   0.00  59.64  51.81  2.86 GHz
14:43:25   2.5   0.0   0.5  96.8   0.2    3  10216   6116    0    0    0 116.37   58.19   0.00  58.19  50.35  2.84 GHz
14:43:25   1.6   0.0   0.9  96.9   0.6    1  49606  22102    0    0    0 100.44   50.22   0.00  50.22  42.32  2.82 GHz
14:43:26   0.2   0.0   0.2  99.5   0.1    1   3328   2344    0    0    0  18.64    9.31   0.00   9.33   2.15  2.85 GHz
14:43:26   0.9   0.0   0.2  98.6   0.4    3   3494   2382    1    0    0  35.10   17.56   0.00  17.54  10.31  2.95 GHz
14:43:27   6.2   0.0   0.3  93.4   0.2    3   3184   2916    0    0    0 169.45   84.72   0.00  84.72  77.29  3.05 GHz
14:43:27   6.3   0.0   0.2  93.3   0.3    3   3356   2968    0    0    0 169.39   84.70   0.00  84.70  77.27  3.03 GHz
14:43:28   6.1   0.0   0.3  93.4   0.3    3   3242   2904    0    0    0 169.44   84.72   0.00  84.72  77.38  3.07 GHz
14:43:28   6.1   0.0   0.3  93.4   0.3    3   3350   2970    0    0    0 170.05   85.03   0.00  85.03  77.75  3.04 GHz
  Time    User  Nice   Sys  Idle    IO  Run Ctxt/s  IRQ/s Fork Exec Exit  Watts   pkg-0 uncore  pkg-0   core  CPU Freq
14:43:29   6.3   0.0   0.3  93.3   0.2    3   3578   3560    0    0   28 159.34   79.67   0.00  79.67  72.08  2.97 GHz
14:43:29   6.3   0.0   0.2  93.2   0.4    3   3392   2972    0    0    0 167.89   83.95   0.00  83.95  76.50  3.05 GHz
14:43:30   6.1   0.0   0.3  93.4   0.3    3   3200   2916    0    0    0 170.16   85.08   0.00  85.08  77.60  3.05 GHz
14:43:30   6.2   0.0   0.3  93.2   0.4    3   3330   2962    0    0    0 169.27   84.56   0.00  84.71  77.25  3.03 GHz
14:43:31   6.1   0.0   0.4  93.3   0.3    3   3280   2932    0    0    0 169.28   84.71   0.00  84.56  77.21  3.14 GHz
14:43:31   6.2   0.0   0.4  93.0   0.4    3   3602   3092    0    0    0 169.49   84.74   0.00  84.74  77.27  3.08 GHz
14:43:32   6.3   0.0   0.3  93.3   0.2    3   3244   2900    0    0    0 170.16   85.08   0.00  85.08  77.62  3.03 GHz
14:43:32   6.1   0.0   0.3  93.4   0.3    4   3456   2962    0    0    2 167.57   83.79   0.00  83.79  76.42  3.04 GHz
14:43:33   6.1   0.0   0.2  93.4   0.3    3   3300   3076    0    0    0 169.83   84.91   0.00  84.91  77.37  3.16 GHz
14:43:33   6.2   0.0   0.3  93.2   0.3    3   3324   3052    0    0    0 169.75   84.88   0.00  84.88  77.41  3.16 GHz
14:43:34   6.2   0.0   0.2  93.4   0.3    3   3238   3056    0    0    0 169.14   84.57   0.00  84.57  77.16  3.09 GHz
14:43:34   6.3   0.0   0.2  93.2   0.3    3   3318   3030    0    0    0 169.48   84.74   0.00  84.74  77.35  3.00 GHz
14:43:35   6.1   0.0   0.3  93.2   0.3    3   3330   3106    0    0    0 168.82   84.41   0.00  84.41  76.94  3.08 GHz
14:43:35   6.2   0.0   0.3  93.0   0.5    3   3404   3050    0    0    0 170.05   85.03   0.00  85.03  77.54  3.18 GHz
14:43:36   6.1   0.0   0.3  93.3   0.3    3   3208   3032    0    0    0 169.41   84.63   0.00  84.79  77.40  3.04 GHz
14:43:36   6.3   0.0   0.3  93.1   0.4    3   3454   3060    0    0    0 168.28   84.22   0.00  84.06  76.66  2.96 GHz
14:43:37   6.2   0.0   0.4  93.2   0.2    3   3304   2824    0    0    0 156.64   78.32   0.00  78.32  71.02  2.96 GHz
14:43:37   6.2   0.0   0.3  93.3   0.3    3   3344   2796    0    0    0 155.92   77.96   0.00  77.96  70.35  3.03 GHz
14:43:38   6.4   0.0   0.3  93.1   0.3    3   3284   3492    0    0    0 156.43   78.22   0.00  78.22  70.74  3.04 GHz
14:43:38   6.1   0.0   0.3  93.3   0.3    3   3398   2992    0    0    0 165.68   82.84   0.00  82.84  75.40  3.05 GHz
14:43:39   6.1   0.0   0.5  93.2   0.2    3   3320   3014    0    0   11 169.79   84.90   0.00  84.90  77.41  3.02 GHz
14:43:39   6.3   0.0   0.1  93.4   0.3    3   3342   2938    0    0    0 169.36   84.68   0.00  84.68  77.23  3.13 GHz
14:43:40   6.1   0.0   0.3  93.4   0.3    3   3228   3016    0    0    0 169.44   84.72   0.00  84.72  77.35  3.06 GHz
  Time    User  Nice   Sys  Idle    IO  Run Ctxt/s  IRQ/s Fork Exec Exit  Watts   pkg-0 uncore  pkg-0   core  CPU Freq
14:43:40   6.4   0.0   0.1  92.9   0.6    3   3408   3068    0    0    0 170.62   85.31   0.00  85.31  77.72  3.18 GHz
14:43:41   6.0   0.0   0.4  93.5   0.1    3   3294   2944    0    0    0 170.18   85.09   0.00  85.09  77.62  3.16 GHz
14:43:41   6.1   0.0   0.3  93.4   0.3    3   3300   2920    0    0    0 169.84   84.92   0.00  84.92  77.55  3.10 GHz
14:43:42   6.1   0.0   0.3  93.2   0.4    3   3210   2880    0    0    0 169.71   84.85   0.00  84.85  77.37  3.12 GHz
14:43:42   6.2   0.0   0.4  93.2   0.2    3   3312   2970    0    0    0 172.51   86.25   0.00  86.25  78.81  3.17 GHz
14:43:43   6.2   0.0   0.3  93.3   0.3    3   3242   2948    0    0    0 176.08   88.04   0.00  88.04  80.69  3.05 GHz
14:43:43   6.1   0.0   0.2  93.5   0.2    3   3452   3056    0    0    0 175.68   87.84   0.00  87.84  80.54  3.01 GHz
14:43:44   6.2   0.0   0.3  93.3   0.2    3   3220   2932    0    0    0 176.95   88.48   0.00  88.48  81.10  3.11 GHz
14:43:44   6.1   0.0   0.4  93.4   0.1    3   3378   2990    0    0    0 176.64   88.32   0.00  88.32  80.99  3.20 GHz
14:43:45   6.2   0.0   0.3  93.2   0.2    3   3232   2992    0    0    0 176.09   88.05   0.00  88.05  80.92  3.10 GHz
14:43:45   5.5   0.0   0.2  93.9   0.4    2   3456   3000    0    0    1 164.04   82.02   0.00  82.02  74.57  2.88 GHz
14:43:46   2.4   0.0   0.6  96.4   0.6    2   8116   4912    0    0    1 120.40   60.20   0.00  60.20  52.37  2.89 GHz
14:43:46   2.8   0.0   0.4  96.6   0.2    2   9676   5684    3    0    3 119.57   59.79   0.00  59.79  51.93  2.90 GHz
14:43:47   2.6   0.0   0.6  96.7   0.1    2   9306   5512    0    0    0 117.67   58.83   0.00  58.83  51.04  2.86 GHz
14:43:47   2.4   0.0   0.8  96.6   0.3    2   9764   5678    0    0    0 118.77   59.39   0.00  59.39  51.59  2.94 GHz
14:43:48   2.7   0.0   0.6  96.6   0.1    2   8684   4948    0    0    0 118.88   59.44   0.00  59.44  51.58  3.03 GHz
14:43:48   2.6   0.0   0.6  96.3   0.5    2   8046   6134    0    0    0 115.14   57.57   0.00  57.57  49.58  3.04 GHz
14:43:49   1.9   0.0   1.3  94.2   2.7    2  46884  25866    0    0    0 100.10   50.05   0.00  50.05  42.01  3.01 GHz
14:43:49   2.4   0.0   0.6  94.2   2.7    2  18616  10052    0    0    0 117.49   58.74   0.00  58.74  50.90  2.90 GHz
14:43:50   0.8   0.0   0.9  98.2   0.1    3   3670   2550    1    0    0  50.12   25.06   0.00  25.06  17.56  3.09 GHz
14:43:50   6.3   0.0   0.1  93.5   0.1    3   3396   2910    0    0    0 160.98   80.49   0.00  80.49  73.11  3.07 GHz
14:43:51   6.3   0.0   0.3  93.3   0.2    3   3298   2898    0    0    0 162.20   81.10   0.00  81.10  73.62  3.05 GHz
14:43:51   6.1   0.0   0.3  93.5   0.1    3   3400   2938    0    0    0 162.53   81.26   0.00  81.26  73.67  3.08 GHz
  Time    User  Nice   Sys  Idle    IO  Run Ctxt/s  IRQ/s Fork Exec Exit  Watts   pkg-0 uncore  pkg-0   core  CPU Freq
14:43:52   6.2   0.0   0.4  93.3   0.1    3   3352   2904    0    0    0 162.34   81.17   0.00  81.17  73.65  3.04 GHz
14:43:52   6.2   0.0   0.3  93.1   0.4    3   3428   2922    0    0    0 163.52   81.76   0.00  81.76  74.24  3.04 GHz
14:43:53   6.2   0.0   0.2  93.4   0.2    3   3334   2846    0    0    0 164.33   82.16   0.00  82.16  74.59  3.00 GHz
14:43:53   6.3   0.0   0.2  93.3   0.3    3   3442   3050    0    0    0 164.17   82.08   0.00  82.08  74.52  2.96 GHz
14:43:54   6.1   0.0   0.4  93.2   0.2    3   3266   2888    0    0    0 164.12   82.06   0.00  82.06  74.59  3.04 GHz
14:43:54   6.1   0.0   0.3  93.2   0.4    3   3338   2894    0    0    0 166.36   83.18   0.00  83.18  75.67  3.09 GHz
14:43:55   2.6   0.0   0.6  96.5   0.4    2   5958   4016    0    0    1 112.32   56.16   0.00  56.16  48.36  2.94 GHz
14:43:55   2.9   0.0   0.6  95.6   0.8    3  17142   9614    1    0    0 112.94   56.47   0.00  56.47  48.68  3.07 GHz
14:43:56   6.3   0.0   0.1  93.3   0.3    4   3380   2978    0    0    0 169.86   84.93   0.00  84.93  77.46  3.11 GHz
14:43:56   6.3   0.0   0.3  93.2   0.3    3   3506   3008    0    0    0 170.93   85.46   0.00  85.46  77.93  3.10 GHz
14:43:57   6.3   0.0   0.3  93.2   0.3    3   3320   3028    0    0    0 171.89   85.95   0.00  85.95  78.44  3.14 GHz
14:43:57   6.3   0.0   0.2  93.2   0.4    3   3424   2976    0    0    2 171.78   85.89   0.00  85.89  78.33  2.99 GHz
14:43:58   6.4   0.0   0.3  93.1   0.1    3   3374   3052    3    0    3 172.97   86.49   0.00  86.49  78.93  3.09 GHz
14:43:58   6.3   0.0   0.2  93.1   0.4    3   3436   3184    0    0    0 162.16   81.08   0.00  81.08  73.55  2.96 GHz
14:43:59   6.3   0.0   0.1  93.3   0.3    3   3280   2904    0    0    0 161.80   80.90   0.00  80.90  73.35  3.12 GHz
14:43:59   6.4   0.0   0.3  90.4   2.9    3  33466  10394    0    0    0 163.75   81.88   0.00  81.88  73.96  2.94 GHz
14:44:00   6.0   0.0   0.3  92.9   0.8    3   3820   3166    0    0    0 168.78   84.39   0.00  84.39  76.66  3.02 GHz
14:44:00   6.3   0.0   0.1  93.4   0.1    3   3534   3024    0    0    0 169.55   84.78   0.00  84.78  77.24  2.98 GHz
14:44:01   6.1   0.0   0.3  93.5   0.2    3   3300   3046    0    0    0 171.52   85.76   0.00  85.76  78.32  2.99 GHz
14:44:01   6.1   0.0   0.5  93.2   0.2    3   3352   2982    0    0    0 173.74   86.87   0.00  86.87  79.33  3.07 GHz
14:44:02   3.4   0.0   0.4  95.9   0.3    2   5524   3912    0    0    1 129.72   64.86   0.00  64.86  57.19  2.93 GHz
14:44:02   2.7   0.0   0.8  96.2   0.3    3  15866   9026    1    0    0 119.09   59.55   0.00  59.55  51.82  2.94 GHz
14:44:03   6.3   0.0   0.1  93.5   0.1    3   3238   2862    0    0    0 165.18   82.59   0.00  82.59  74.94  3.12 GHz
  Time    User  Nice   Sys  Idle    IO  Run Ctxt/s  IRQ/s Fork Exec Exit  Watts   pkg-0 uncore  pkg-0   core  CPU Freq
14:44:03   6.3   0.0   0.2  93.4   0.1    3   3414   3082    0    0    0 167.37   83.69   0.00  83.69  76.34  3.08 GHz
14:44:04   6.4   0.0   0.1  93.2   0.3    3   3350   2870    0    0    0 167.91   83.95   0.00  83.95  76.27  3.16 GHz
14:44:04   6.3   0.0   0.2  93.4   0.1    3   3382   2952    0    0    0 169.81   84.91   0.00  84.91  77.41  3.09 GHz
14:44:05   6.3   0.0   0.3  93.3   0.2    3   3288   2892    0    0    0 170.66   85.33   0.00  85.33  77.90  3.04 GHz
14:44:05   6.4   0.0   0.2  93.2   0.2    3   3298   3068    0    0    0 171.07   85.54   0.00  85.54  78.00  3.06 GHz
14:44:06   6.2   0.0   0.1  93.5   0.1    3   3366   3020    1    0    1 170.80   85.40   0.00  85.40  78.06  3.10 GHz
14:44:06   6.1   0.0   0.1  93.5   0.2    4   3298   2882    0    0    0 171.14   85.49   0.00  85.65  77.97  3.10 GHz
14:44:07   6.3   0.0   0.1  93.4   0.2    3   3202   2950    0    0    0 170.80   85.48   0.00  85.32  77.76  3.06 GHz
14:44:07   6.3   0.0   0.2  93.4   0.1    3   3378   3080    0    0    0 171.14   85.57   0.00  85.57  78.01  3.06 GHz
14:44:08   6.1   0.0   0.1  93.5   0.3    3   3256   2994    0    0    0 170.89   85.44   0.00  85.44  77.93  3.08 GHz
14:44:08   6.3   0.0   0.1  93.5   0.1    3   3290   2912    0    0    0 171.31   85.65   0.00  85.65  78.07  3.06 GHz
14:44:09   6.1   0.0   0.2  93.5   0.1    3   3220   2902    0    0    0 171.02   85.51   0.00  85.51  78.06  3.06 GHz
14:44:09   6.3   0.0   0.1  93.4   0.3    3   3334   2948    0    0    0 171.45   85.64   0.00  85.81  78.25  3.25 GHz
14:44:10   6.2   0.0   0.1  93.5   0.1    3   3230   2824    0    0    0 170.79   85.48   0.00  85.31  77.81  3.12 GHz
14:44:10   6.3   0.0   0.2  93.4   0.1    3   3290   2906    0    0    0 170.72   85.36   0.00  85.36  77.94  3.00 GHz
14:44:11   6.2   0.0   0.2  93.4   0.2    4   3234   2860    0    0    0 171.47   85.73   0.00  85.73  78.18  2.95 GHz
14:44:11   6.3   0.0   0.3  93.3   0.2    3   3334   3052    0    0    0 170.52   85.26   0.00  85.26  77.79  3.11 GHz
14:44:12   6.3   0.0   0.3  93.3   0.2    3   3268   3006    0    0    0 171.59   85.79   0.00  85.79  78.49  3.01 GHz
14:44:12   6.3   0.0   0.1  93.4   0.2    3   3406   3028    0    0    0 170.60   85.30   0.00  85.30  77.60  3.08 GHz
14:44:13   6.3   0.0   0.2  93.4   0.1    3   3264   2944    0    0    0 171.21   85.61   0.00  85.61  78.18  3.06 GHz
14:44:13   6.4   0.0   0.0  93.5   0.1    3   3332   3078    0    0    0 170.93   85.46   0.00  85.46  78.07  3.00 GHz
14:44:14   6.1   0.0   0.3  93.4   0.2    3   3246   2934    0    0    0 172.38   86.19   0.00  86.19  78.79  3.01 GHz
14:44:14   6.1   0.0   0.4  93.2   0.2    3   3326   2978    0    0    0 168.80   84.40   0.00  84.40  76.95  3.06 GHz
  Time    User  Nice   Sys  Idle    IO  Run Ctxt/s  IRQ/s Fork Exec Exit  Watts   pkg-0 uncore  pkg-0   core  CPU Freq
14:44:15   6.3   0.0   0.3  93.4   0.1    3   3246   3016    0    0    0 171.26   85.63   0.00  85.63  78.22  3.11 GHz
14:44:15   6.3   0.0   0.1  93.4   0.2    3   3366   3058    0    0    0 172.40   86.20   0.00  86.20  78.89  3.03 GHz
14:44:16   3.8   0.0   0.4  95.7   0.2    2   3780   3142    0    0    1 132.15   66.07   0.00  66.07  58.64  2.94 GHz
14:44:16   2.8   0.0   0.4  96.6   0.2    2   7336   4616    0    0    0 114.33   57.16   0.00  57.16  49.33  2.89 GHz
14:44:17   2.4   0.0   0.5  96.8   0.3    2   7620   4820    0    0    0 114.18   57.09   0.00  57.09  49.32  2.93 GHz
14:44:17   1.1   0.0   0.8  97.8   0.3    1  25522  12462    0    0    3  78.38   39.19   0.00  39.19  31.47  2.82 GHz
14:44:18   0.1   0.0   0.1  99.5   0.3    1   3320   2160    0    0    0  18.42    9.21   0.00   9.21   2.06  2.78 GHz
14:44:18   0.1   0.0   0.3  99.5   0.1    1   3920   2446    0    0    0  18.82    9.41   0.00   9.41   2.16  2.82 GHz
14:44:19   0.1   0.0   0.2  99.6   0.1    1   3346   3040    0    0    0  20.76   10.38   0.00  10.38   3.02  2.83 GHz
14:44:19   0.1   0.0   0.1  99.7   0.1    1   3348   2376    0    0    0  18.53    9.26   0.00   9.26   2.08  2.83 GHz
14:44:20   0.3   0.0   0.1  99.5   0.1    1   3600   2312    0    0    0  18.63    9.31   0.00   9.31   2.11  2.83 GHz
-------- ----- ----- ----- ----- ----- ---- ------ ------ ---- ---- ---- ------  ------ ------ ------ ------ ---------
 Average   4.2   0.0   0.4  94.8   0.6  2.5 8287.2 5273.0  0.1  0.0  0.2 136.75   68.38   0.00  68.38  60.80  3.03 GHz
 GeoMean   3.4   0.0   0.0  94.8   0.0  2.3 5016.9 3903.0  0.0  0.0  0.0 129.49   64.75   0.00  64.75  55.59  3.03 GHz
  StdDev   2.1   0.1   0.3   1.7   0.9  0.7 10774.5 5258.4  1.0  0.6  1.4  36.94   18.47   0.00  18.47  18.57  0.10 GHz
-------- ----- ----- ----- ----- ----- ---- ------ ------ ---- ---- ---- ------  ------ ------ ------ ------ ---------
 Minimum   0.1   0.0   0.0  90.3   0.0  1.0 1060.0 1378.0  0.0  0.0  0.0  17.23    8.60   0.00   8.63   1.65  2.63 GHz
 Maximum   6.6   2.1   2.6  99.7   4.7  5.0 66960.0 32202.0 16.0 12.0 28.0 177.01   88.50   0.00  88.50  81.10  3.29 GHz
-------- ----- ----- ----- ----- ----- ---- ------ ------ ---- ---- ---- ------  ------ ------ ------ ------ ---------
Summary:
CPU: 136.75 Watts on average with standard deviation 36.94 
Note: power read from RAPL domains: package-0, uncore, package-0, core.
These readings do not cover all the hardware in this device.

C-State    Resident      Count Latency 
C3_ACPI     87.530%     463699    1048
C2_ACPI      7.195%     453561     127
C1_ACPI      0.336%     233548       1
POLL         0.044%     146598       0
C0           4.896%

Histogram (of 632 power measurements)

  Range (Watts)   Count
 17.229 -  33.206    13 #
 33.207 -  49.183     1 
 49.184 -  65.161     9 #
 65.162 -  81.139    13 #
 81.140 -  97.117    26 ###
 97.118 - 113.095   154 ####################
113.096 - 129.073    89 ###########
129.074 - 145.050     6 
145.051 - 161.028    23 ###
161.029 - 177.006   298 ########################################

Histogram (of 632 CPU utilization measurements)

 Range (%CPU)   Count
 0.313 -  1.248    12 #
 1.249 -  2.184     5 
 2.185 -  3.120    19 ##
 3.121 -  4.056   189 #######################
 4.057 -  4.992    35 ####
 4.993 -  5.928    27 ###
 5.929 -  6.864   316 ########################################
 6.865 -  7.800    20 ##
 7.801 -  8.736     1 
 8.737 -  9.672     8 #

Histogram (of 632 CPU average frequencies)

Range (GHz)   Count
2.628 - 2.693     1 
2.694 - 2.759     9 #
2.760 - 2.825    10 ##
2.826 - 2.891    35 #######
2.892 - 2.957    78 ###############
2.958 - 3.022   134 ###########################
3.023 - 3.088   197 ########################################
3.089 - 3.154   126 #########################
3.155 - 3.220    37 #######
3.221 - 3.286     5 #
